100 2552
1 2 55
1 3 15
1 4 29
1 6 66
1 7 91
1 8 31
1 9 27
1 10 97
1 13 10
1 15 64
1 17 97
1 18 31
1 20 73
1 21 95
1 22 39
1 23 30
1 24 13
1 26 20
1 27 71
1 28 80
1 29 51
1 30 30
1 31 55
1 32 50
1 34 56
1 35 95
1 39 30
1 43 10
1 44 44
1 45 22
1 46 35
1 47 4
1 48 14
1 49 17
1 50 12
1 51 20
1 54 69
1 56 100
1 58 68
1 60 83
1 61 35
1 62 21
1 63 18
1 64 49
1 66 84
1 68 35
1 69 51
1 71 87
1 74 92
1 76 61
1 79 97
1 83 53
1 89 75
1 90 99
1 91 27
1 95 9
1 98 20
1 99 51
1 100 45
2 3 19
2 4 52
2 5 79
2 6 4
2 14 95
2 16 43
2 17 86
2 18 99
2 22 21
2 24 66
2 25 100
2 27 42
2 30 39
2 35 50
2 37 63
2 38 21
2 39 97
2 44 49
2 49 80
2 51 20
2 53 30
2 54 13
2 57 30
2 58 56
2 59 24
2 60 59
2 61 67
2 62 91
2 63 83
2 64 25
2 65 89
2 67 71
2 68 27
2 71 2
2 72 87
2 73 63
2 75 78
2 76 75
2 78 44
2 79 62
2 81 97
2 82 52
2 84 47
2 86 77
2 89 52
2 92 76
2 94 15
2 96 54
2 97 87
2 99 51
2 100 29
3 4 27
3 7 29
3 8 95
3 10 58
3 13 8
3 14 28
3 15 29
3 17 77
3 18 77
3 19 54
3 20 7
3 23 78
3 25 20
3 27 20
3 28 61
3 31 92
3 33 16
3 34 73
3 36 96
3 38 49
3 42 49
3 43 3
3 48 51
3 49 44
3 50 57
3 51 46
3 52 100
3 53 29
3 54 94
3 60 78
3 62 66
3 63 43
3 72 68
3 75 60
3 80 31
3 81 76
3 83 61
3 84 40
3 85 58
3 86 23
3 87 80
3 88 17
3 90 22
3 93 56
3 95 62
3 96 61
3 99 77
4 5 26
4 6 27
4 14 64
4 15 20
4 17 68
4 21 82
4 22 52
4 26 2
4 27 100
4 28 2
4 29 11
4 30 77
4 31 69
4 35 87
4 37 37
4 39 85
4 41 58
4 43 14
4 45 31
4 46 67
4 48 24
4 49 62
4 50 86
4 51 58
4 52 49
4 57 3
4 60 33
4 65 17
4 67 27
4 68 16
4 69 27
4 70 51
4 71 49
4 72 10
4 73 35
4 75 41
4 78 80
4 79 78
4 84 94
4 86 82
4 87 30
4 90 20
4 92 28
4 98 23
5 9 28
5 10 34
5 11 33
5 12 55
5 13 81
5 15 15
5 20 45
5 22 54
5 23 80
5 25 38
5 26 47
5 27 46
5 29 40
5 31 90
5 34 97
5 36 13
5 42 7
5 43 94
5 44 73
5 45 5
5 46 98
5 47 50
5 49 35
5 50 100
5 51 15
5 53 5
5 54 54
5 57 86
5 59 36
5 60 17
5 61 30
5 63 2
5 64 90
5 67 33
5 69 22
5 70 12
5 72 51
5 73 77
5 75 65
5 78 25
5 79 46
5 80 26
5 82 7
5 83 95
5 86 36
5 87 69
5 88 28
5 91 1
5 92 85
5 94 3
5 95 64
5 97 35
6 8 23
6 14 9
6 17 72
6 18 17
6 20 37
6 21 76
6 24 33
6 27 95
6 28 65
6 34 55
6 36 17
6 38 50
6 39 35
6 46 7
6 47 17
6 48 20
6 49 50
6 50 38
6 51 51
6 55 27
6 56 45
6 57 82
6 59 46
6 60 32
6 65 65
6 69 30
6 71 19
6 72 96
6 73 83
6 74 39
6 76 91
6 78 65
6 83 23
6 91 68
6 94 4
6 95 92
6 96 22
6 98 2
6 99 11
6 100 47
7 8 98
7 10 19
7 11 19
7 12 32
7 13 32
7 14 64
7 15 83
7 16 16
7 17 80
7 22 59
7 24 19
7 25 71
7 28 99
7 30 57
7 32 62
7 33 95
7 36 81
7 38 99
7 39 67
7 40 13
7 41 31
7 44 13
7 46 38
7 47 20
7 50 81
7 51 42
7 53 91
7 55 59
7 58 15
7 59 97
7 60 96
7 64 60
7 66 84
7 67 14
7 68 67
7 69 90
7 70 90
7 73 36
7 85 69
7 86 39
7 87 9
7 88 33
7 89 53
7 90 16
7 91 19
7 92 28
7 93 13
7 94 74
7 97 72
7 98 67
7 100 83
8 11 66
8 12 47
8 14 75
8 16 92
8 20 51
8 21 28
8 26 49
8 28 55
8 30 10
8 31 69
8 33 82
8 34 17
8 35 19
8 36 74
8 37 81
8 40 44
8 42 87
8 45 19
8 48 26
8 49 41
8 51 53
8 53 66
8 54 61
8 55 46
8 56 77
8 58 50
8 61 73
8 67 93
8 68 62
8 71 66
8 72 63
8 74 71
8 76 95
8 77 62
8 78 66
8 80 35
8 81 4
8 85 51
8 88 69
8 91 81
8 93 30
8 94 4
8 95 27
8 97 18
8 98 4
8 99 67
8 100 1
9 10 97
9 13 83
9 15 5
9 16 25
9 17 95
9 25 45
9 28 83
9 29 53
9 30 71
9 31 57
9 33 40
9 34 46
9 35 23
9 37 2
9 39 90
9 40 1
9 41 69
9 43 63
9 46 58
9 47 75
9 48 88
9 49 47
9 58 4
9 59 63
9 64 5
9 65 60
9 66 40
9 68 58
9 72 55
9 74 54
9 75 78
9 78 10
9 79 48
9 81 62
9 82 9
9 84 50
9 85 81
9 86 39
9 91 97
9 96 75
9 97 62
9 98 84
9 99 55
9 100 56
10 11 66
10 12 36
10 13 82
10 14 41
10 15 15
10 16 74
10 18 91
10 20 19
10 24 57
10 25 12
10 26 24
10 27 14
10 28 31
10 29 93
10 31 6
10 32 7
10 34 4
10 35 53
10 36 48
10 38 73
10 41 7
10 42 79
10 44 34
10 45 89
10 47 85
10 48 95
10 50 28
10 51 9
10 52 43
10 53 32
10 55 81
10 58 28
10 59 29
10 62 27
10 63 49
10 69 52
10 70 13
10 72 14
10 73 8
10 74 60
10 75 97
10 76 81
10 77 37
10 79 21
10 81 28
10 83 74
10 87 32
10 88 28
10 89 94
10 91 44
10 94 75
10 99 16
10 100 14
11 12 100
11 16 21
11 18 42
11 19 91
11 20 72
11 21 71
11 23 6
11 24 52
11 25 52
11 28 22
11 29 38
11 31 9
11 37 93
11 38 19
11 41 88
11 42 73
11 43 5
11 44 3
11 46 86
11 47 10
11 48 76
11 50 68
11 51 100
11 52 27
11 53 32
11 55 70
11 57 30
11 61 100
11 62 100
11 63 100
11 64 73
11 65 79
11 66 66
11 67 18
11 70 91
11 71 81
11 72 13
11 73 87
11 75 31
11 77 60
11 78 70
11 79 97
11 81 14
11 85 57
11 86 41
11 87 96
11 88 45
11 89 60
11 92 67
11 93 10
11 94 12
11 97 35
11 98 97
12 14 71
12 15 89
12 16 91
12 23 87
12 24 9
12 27 46
12 28 52
12 29 19
12 30 76
12 31 33
12 32 23
12 33 29
12 34 4
12 41 53
12 42 2
12 45 17
12 47 8
12 50 24
12 51 64
12 53 22
12 55 89
12 56 51
12 57 74
12 61 10
12 65 75
12 67 84
12 70 39
12 75 35
12 76 11
12 77 4
12 78 68
12 82 21
12 83 91
12 84 10
12 86 3
12 88 48
12 90 15
12 91 84
12 93 23
12 98 71
13 16 64
13 18 31
13 19 67
13 20 52
13 21 35
13 22 39
13 23 57
13 30 53
13 33 85
13 35 62
13 37 54
13 38 88
13 39 42
13 43 72
13 47 52
13 50 57
13 51 34
13 52 47
13 53 91
13 56 85
13 59 82
13 60 24
13 62 2
13 66 54
13 71 47
13 72 47
13 73 14
13 78 48
13 79 58
13 81 99
13 84 80
13 85 84
13 86 4
13 88 89
13 89 61
13 92 37
13 93 27
13 95 32
13 97 66
13 98 3
13 100 23
14 15 55
14 16 70
14 18 92
14 19 51
14 20 27
14 21 38
14 22 32
14 24 19
14 27 63
14 29 6
14 30 29
14 31 7
14 32 42
14 34 11
14 35 7
14 36 93
14 37 70
14 43 26
14 49 66
14 50 78
14 51 88
14 52 14
14 56 11
14 57 45
14 58 40
14 59 28
14 61 12
14 64 21
14 65 35
14 66 54
14 67 80
14 68 63
14 70 74
14 71 63
14 73 65
14 76 91
14 79 3
14 81 96
14 82 88
14 85 43
14 86 15
14 89 17
14 92 57
14 94 99
14 98 79
14 99 54
15 17 45
15 19 51
15 21 21
15 23 14
15 24 32
15 25 43
15 26 25
15 27 79
15 28 74
15 30 38
15 31 81
15 32 69
15 33 95
15 34 96
15 36 31
15 40 15
15 41 48
15 42 36
15 49 16
15 50 69
15 51 58
15 53 48
15 54 60
15 55 6
15 56 33
15 57 61
15 59 38
15 61 7
15 62 60
15 64 97
15 65 34
15 66 38
15 71 45
15 72 6
15 73 10
15 75 60
15 76 58
15 77 39
15 81 52
15 84 58
15 85 19
15 86 77
15 93 34
15 94 65
15 97 78
15 98 55
15 100 50
16 20 73
16 25 68
16 26 87
16 27 43
16 28 58
16 29 64
16 30 81
16 34 63
16 35 60
16 39 62
16 41 27
16 42 97
16 43 32
16 44 55
16 45 96
16 47 74
16 49 1
16 51 30
16 53 77
16 55 58
16 57 65
16 58 60
16 63 55
16 66 4
16 69 16
16 71 78
16 72 90
16 73 80
16 74 58
16 78 17
16 79 58
16 82 2
16 83 28
16 89 48
16 90 38
16 91 49
16 92 67
16 94 52
16 95 18
16 96 53
16 98 30
17 18 22
17 19 31
17 21 61
17 27 11
17 31 35
17 32 77
17 34 5
17 37 94
17 40 92
17 41 93
17 42 35
17 45 78
17 47 38
17 48 97
17 51 67
17 52 9
17 54 44
17 56 64
17 59 68
17 60 93
17 63 32
17 64 43
17 66 84
17 67 72
17 68 34
17 69 88
17 70 23
17 73 100
17 75 74
17 76 11
17 77 81
17 80 91
17 81 63
17 82 31
17 83 45
17 84 10
17 85 18
17 86 60
17 88 86
17 91 60
17 92 59
17 93 71
17 94 84
17 97 77
17 99 85
17 100 13
18 19 26
18 20 77
18 21 4
18 24 34
18 26 84
18 28 44
18 30 62
18 33 48
18 34 100
18 36 95
18 37 37
18 38 33
18 40 29
18 41 33
18 43 91
18 44 30
18 45 61
18 47 4
18 48 53
18 49 10
18 50 52
18 52 12
18 54 55
18 55 12
18 57 78
18 58 99
18 59 78
18 60 43
18 61 11
18 62 53
18 63 90
18 64 78
18 66 97
18 67 97
18 68 22
18 69 88
18 70 63
18 71 56
18 72 18
18 73 84
18 74 83
18 76 78
18 77 65
18 81 98
18 82 69
18 84 69
18 85 40
18 86 96
18 87 6
18 88 16
18 90 74
18 92 6
18 95 31
18 100 99
19 20 75
19 22 57
19 23 53
19 24 10
19 25 1
19 29 51
19 30 25
19 32 1
19 33 28
19 34 99
19 35 35
19 37 67
19 38 56
19 40 23
19 44 86
19 45 90
19 47 52
19 48 77
19 50 99
19 51 54
19 52 5
19 55 76
19 57 98
19 64 11
19 66 53
19 67 91
19 68 26
19 69 93
19 71 65
19 72 4
19 73 35
19 75 98
19 77 11
19 79 68
19 80 12
19 82 63
19 83 63
19 85 26
19 86 98
19 87 62
19 88 21
19 90 51
19 96 63
19 97 85
19 99 24
19 100 61
20 21 25
20 22 100
20 23 100
20 28 16
20 32 62
20 33 22
20 35 75
20 38 62
20 39 83
20 44 87
20 46 41
20 47 21
20 48 44
20 49 47
20 50 85
20 52 98
20 55 91
20 57 80
20 60 97
20 61 12
20 65 4
20 67 92
20 68 73
20 71 75
20 73 54
20 74 21
20 76 6
20 78 20
20 79 13
20 82 30
20 83 44
20 84 55
20 86 25
20 87 9
20 88 38
20 91 53
20 100 59
21 23 47
21 24 14
21 26 74
21 27 48
21 28 2
21 29 24
21 30 3
21 31 77
21 32 58
21 35 23
21 37 51
21 38 78
21 40 5
21 42 94
21 45 71
21 49 77
21 50 95
21 51 19
21 54 7
21 55 89
21 56 53
21 58 63
21 60 37
21 61 57
21 62 28
21 64 57
21 66 30
21 68 76
21 70 35
21 73 61
21 75 17
21 77 87
21 82 4
21 84 31
21 88 92
21 89 15
21 93 55
21 96 18
21 97 69
21 98 69
21 100 36
22 26 44
22 29 60
22 30 13
22 31 55
22 33 22
22 34 86
22 35 62
22 36 54
22 37 17
22 40 67
22 43 26
22 44 9
22 45 31
22 46 70
22 49 4
22 53 55
22 58 15
22 59 84
22 60 89
22 62 97
22 63 4
22 64 12
22 65 78
22 67 66
22 68 96
22 69 17
22 71 50
22 75 59
22 76 10
22 77 37
22 78 21
22 81 27
22 83 74
22 88 57
22 93 4
22 94 17
22 95 80
22 97 27
22 98 17
22 99 85
22 100 32
23 24 59
23 26 78
23 27 61
23 28 59
23 29 35
23 31 47
23 33 50
23 34 38
23 39 97
23 40 97
23 41 5
23 42 59
23 45 84
23 48 97
23 49 44
23 50 97
23 55 27
23 58 82
23 62 87
23 65 67
23 66 83
23 67 56
23 69 31
23 71 61
23 73 89
23 74 98
23 76 1
23 79 27
23 81 48
23 82 24
23 83 43
23 84 32
23 85 54
23 87 29
23 89 47
23 91 65
23 92 76
23 96 56
23 97 58
23 99 81
24 25 11
24 26 18
24 29 65
24 30 20
24 32 35
24 33 83
24 35 45
24 37 27
24 42 94
24 44 73
24 50 89
24 51 11
24 58 41
24 59 13
24 60 79
24 61 25
24 62 30
24 64 81
24 67 71
24 71 34
24 73 63
24 74 39
24 76 83
24 79 61
24 83 48
24 85 22
24 86 87
24 88 96
24 90 23
24 91 91
24 93 71
24 95 70
25 26 44
25 27 28
25 29 16
25 33 25
25 38 40
25 39 32
25 40 10
25 41 23
25 43 66
25 45 90
25 48 44
25 49 18
25 50 73
25 53 91
25 55 13
25 56 6
25 57 21
25 59 75
25 60 44
25 63 14
25 64 56
25 65 16
25 68 27
25 69 68
25 71 54
25 73 55
25 76 90
25 77 4
25 78 53
25 81 64
25 82 12
25 87 41
25 88 47
25 94 36
25 95 1
25 97 91
25 99 1
25 100 68
26 28 8
26 30 20
26 32 26
26 33 47
26 35 67
26 36 91
26 39 55
26 40 83
26 41 6
26 42 26
26 46 69
26 47 67
26 48 27
26 49 26
26 51 87
26 52 33
26 54 13
26 58 13
26 61 48
26 63 32
26 64 80
26 65 49
26 66 84
26 70 33
26 71 84
26 72 28
26 73 90
26 75 98
26 78 91
26 80 25
26 81 17
26 82 75
26 85 1
26 86 63
26 88 37
26 89 47
26 90 9
26 91 84
26 93 44
26 95 14
26 96 21
26 97 55
26 99 81
26 100 70
27 28 15
27 29 67
27 31 60
27 35 77
27 39 52
27 40 26
27 42 26
27 47 66
27 49 48
27 50 41
27 51 15
27 53 40
27 55 14
27 56 30
27 59 49
27 64 51
27 65 28
27 67 64
27 69 27
27 71 52
27 73 16
27 74 69
27 75 82
27 80 97
27 83 97
27 87 92
27 88 85
27 90 53
27 91 9
27 92 81
27 93 29
27 99 35
27 100 63
28 29 81
28 30 93
28 31 85
28 32 7
28 34 50
28 35 61
28 40 50
28 41 8
28 45 31
28 46 9
28 47 84
28 48 91
28 49 60
28 52 67
28 55 33
28 63 9
28 64 41
28 67 26
28 72 42
28 77 50
28 79 23
28 82 33
28 83 57
28 85 81
28 86 67
28 87 6
28 88 19
28 89 11
28 90 80
28 92 5
28 93 25
28 96 47
28 98 13
28 100 89
29 30 41
29 32 56
29 36 72
29 38 3
29 39 63
29 41 96
29 42 12
29 43 9
29 44 59
29 45 30
29 46 5
29 48 18
29 50 9
29 53 59
29 56 40
29 59 75
29 63 35
29 64 94
29 66 1
29 67 16
29 68 51
29 71 73
29 72 78
29 74 3
29 76 84
29 77 76
29 78 3
29 84 49
29 86 7
29 89 86
29 90 45
29 91 91
29 92 23
29 95 60
29 97 31
29 100 100
30 31 80
30 32 42
30 33 34
30 34 38
30 36 49
30 39 46
30 47 31
30 51 54
30 52 31
30 54 32
30 55 66
30 56 51
30 57 30
30 58 93
30 62 33
30 63 79
30 65 51
30 66 39
30 67 98
30 71 42
30 72 80
30 78 10
30 79 29
30 84 2
30 85 100
30 88 31
30 89 35
30 92 1
30 93 69
30 95 67
30 96 43
30 100 45
31 32 55
31 33 76
31 34 94
31 37 2
31 38 63
31 41 84
31 42 96
31 43 42
31 48 84
31 49 6
31 53 31
31 54 24
31 58 7
31 59 11
31 61 23
31 62 24
31 64 6
31 65 97
31 66 42
31 69 66
31 70 42
31 72 2
31 73 18
31 75 13
31 77 72
31 78 90
31 79 100
31 80 43
31 81 87
31 83 66
31 84 33
31 85 62
31 88 77
31 89 80
31 92 90
31 93 13
31 94 4
31 96 76
31 98 80
31 99 70
32 33 66
32 34 98
32 38 63
32 41 3
32 42 8
32 43 27
32 46 12
32 48 72
32 49 100
32 51 96
32 52 87
32 53 74
32 54 53
32 56 39
32 57 49
32 60 1
32 62 73
32 67 89
32 70 2
32 73 54
32 74 34
32 76 10
32 78 8
32 79 94
32 80 42
32 84 90
32 85 21
32 87 27
32 88 83
32 91 77
32 99 45
32 100 21
33 34 6
33 36 43
33 38 98
33 40 2
33 42 4
33 43 37
33 45 74
33 46 75
33 47 79
33 58 20
33 60 99
33 61 16
33 62 17
33 68 72
33 69 90
33 70 94
33 71 42
33 72 69
33 77 57
33 78 81
33 79 20
33 80 60
33 86 4
33 88 37
33 89 86
33 92 14
33 93 87
33 94 49
33 95 92
33 96 52
34 35 10
34 36 77
34 39 34
34 40 47
34 41 59
34 43 81
34 44 33
34 45 84
34 48 37
34 51 63
34 55 50
34 56 66
34 57 56
34 59 97
34 63 16
34 64 95
34 67 59
34 69 85
34 70 23
34 71 31
34 72 48
34 73 12
34 74 26
34 77 86
34 80 93
34 81 24
34 82 61
34 83 36
34 84 31
34 85 63
34 87 7
34 94 41
34 96 12
34 98 56
34 100 49
35 36 99
35 39 84
35 40 45
35 41 73
35 44 98
35 49 55
35 53 22
35 54 24
35 55 69
35 57 44
35 59 39
35 60 93
35 68 99
35 70 57
35 71 8
35 73 67
35 76 69
35 78 91
35 79 82
35 80 71
35 82 2
35 88 45
35 89 50
35 90 85
35 92 53
35 94 22
35 98 27
35 100 70
36 38 33
36 42 90
36 43 8
36 44 78
36 45 35
36 48 24
36 49 74
36 50 39
36 55 41
36 56 21
36 62 76
36 65 82
36 67 75
36 68 94
36 69 82
36 74 94
36 75 6
36 77 31
36 78 65
36 80 56
36 84 68
36 86 89
36 89 48
36 90 91
36 91 8
36 93 2
36 95 3
36 98 90
36 99 16
36 100 18
37 39 99
37 42 42
37 45 75
37 48 77
37 49 86
37 51 2
37 52 57
37 53 81
37 56 69
37 58 95
37 60 37
37 61 61
37 63 42
37 67 67
37 70 56
37 71 15
37 72 42
37 75 9
37 76 33
37 77 15
37 78 40
37 85 12
37 86 48
37 89 37
37 91 7
37 94 48
37 95 46
37 96 40
38 40 32
38 41 55
38 42 75
38 43 39
38 44 45
38 46 33
38 47 80
38 49 40
38 52 19
38 55 62
38 56 52
38 57 20
38 60 12
38 64 13
38 65 84
38 66 62
38 68 92
38 70 33
38 75 12
38 76 68
38 77 44
38 78 20
38 81 21
38 82 52
38 85 45
38 86 25
38 88 98
38 89 10
38 91 9
38 93 68
38 94 99
38 95 85
38 96 4
38 97 48
38 99 38
39 40 64
39 41 44
39 45 83
39 46 13
39 48 63
39 50 26
39 53 33
39 54 80
39 56 7
39 57 24
39 58 28
39 61 27
39 63 53
39 65 61
39 66 93
39 67 19
39 70 21
39 72 9
39 73 39
39 76 90
39 77 21
39 78 81
39 80 35
39 81 23
39 82 77
39 83 54
39 85 63
39 86 99
39 87 15
39 88 56
39 89 95
39 92 39
39 93 34
39 94 38
39 95 92
39 96 29
39 97 60
40 42 61
40 45 90
40 46 72
40 50 96
40 52 34
40 57 97
40 58 1
40 60 98
40 62 49
40 64 77
40 67 97
40 69 46
40 75 67
40 78 74
40 80 100
40 83 50
40 84 34
40 87 67
40 89 49
40 91 73
40 92 39
40 93 62
40 94 86
40 95 40
40 96 41
40 98 15
40 100 33
41 43 15
41 46 39
41 48 74
41 49 69
41 50 72
41 56 64
41 58 26
41 59 86
41 62 11
41 66 90
41 67 56
41 68 91
41 69 45
41 70 61
41 72 50
41 75 29
41 77 66
41 78 92
41 79 32
41 80 70
41 82 85
41 84 30
41 87 47
41 88 95
41 91 82
41 92 65
41 93 62
41 94 26
41 95 75
41 96 59
41 100 64
42 44 6
42 45 58
42 46 92
42 54 45
42 56 33
42 58 22
42 59 21
42 62 9
42 63 85
42 64 40
42 67 33
42 68 99
42 70 40
42 74 99
42 76 54
42 77 44
42 78 58
42 82 46
42 86 97
42 87 28
42 88 80
42 89 64
42 90 22
42 92 89
42 93 91
42 94 88
42 96 36
42 97 20
42 98 14
42 99 89
42 100 72
43 47 60
43 48 34
43 49 45
43 51 10
43 54 40
43 55 79
43 56 49
43 57 33
43 61 34
43 62 20
43 64 44
43 65 10
43 68 91
43 70 67
43 71 46
43 72 94
43 73 75
43 76 34
43 81 79
43 84 24
43 85 49
43 87 25
43 90 70
43 91 88
43 92 38
43 93 76
43 95 54
43 96 31
43 97 52
43 98 83
44 47 81
44 48 67
44 49 67
44 51 6
44 54 65
44 56 37
44 58 69
44 59 56
44 61 24
44 62 94
44 63 61
44 67 9
44 69 9
44 71 31
44 72 19
44 73 59
44 74 98
44 80 56
44 81 78
44 85 97
44 86 11
44 87 60
44 88 86
44 90 63
44 92 39
44 93 23
44 94 25
44 95 77
44 96 31
44 100 51
45 48 60
45 53 68
45 55 60
45 57 40
45 58 37
45 60 99
45 62 93
45 64 50
45 65 27
45 66 33
45 67 80
45 70 21
45 73 92
45 76 17
45 77 16
45 80 26
45 81 37
45 84 53
45 85 24
45 86 89
45 89 28
45 90 92
45 91 59
45 92 26
45 93 32
45 94 88
45 99 37
46 47 99
46 56 52
46 57 89
46 58 82
46 59 6
46 63 3
46 64 4
46 66 44
46 70 75
46 71 61
46 73 67
46 74 90
46 75 29
46 76 16
46 78 31
46 80 57
46 81 85
46 82 21
46 83 62
46 85 92
46 88 4
46 89 32
46 90 7
46 94 7
46 96 70
46 100 89
47 48 86
47 49 87
47 50 83
47 57 52
47 59 100
47 61 55
47 64 23
47 66 51
47 67 18
47 68 51
47 69 90
47 71 60
47 72 3
47 73 19
47 75 93
47 76 38
47 78 95
47 79 38
47 80 7
47 84 8
47 88 33
47 89 40
47 90 49
47 91 73
47 93 24
47 94 18
47 95 8
47 96 71
47 97 29
47 98 6
47 99 69
47 100 81
48 49 93
48 50 27
48 51 35
48 53 17
48 54 6
48 56 79
48 57 32
48 58 67
48 59 63
48 60 26
48 63 94
48 67 11
48 68 72
48 71 52
48 72 71
48 73 10
48 74 96
48 75 31
48 78 78
48 79 95
48 80 45
48 81 90
48 84 6
48 90 16
48 92 70
48 95 7
48 97 75
48 98 79
48 99 59
48 100 21
49 50 92
49 51 90
49 52 38
49 54 1
49 55 53
49 56 89
49 57 35
49 60 29
49 61 94
49 63 65
49 64 16
49 65 74
49 69 67
49 71 95
49 72 24
49 75 59
49 76 23
49 78 100
49 79 4
49 83 21
49 84 92
49 85 73
49 86 93
49 88 37
49 89 68
49 91 80
49 92 76
49 93 30
49 96 78
49 98 71
49 99 68
49 100 91
50 52 43
50 55 53
50 57 79
50 58 14
50 60 18
50 62 82
50 65 53
50 66 9
50 68 65
50 71 53
50 72 90
50 75 20
50 76 35
50 77 54
50 79 55
50 80 100
50 82 67
50 85 8
50 88 82
50 91 15
50 92 44
50 94 11
50 95 52
50 96 65
50 97 4
50 98 62
50 100 89
51 52 52
51 53 57
51 57 82
51 60 19
51 64 61
51 65 36
51 67 92
51 69 13
51 71 87
51 72 55
51 75 10
51 76 37
51 77 10
51 81 92
51 82 83
51 84 5
51 85 17
51 88 7
51 89 59
51 90 5
51 100 36
52 54 46
52 56 78
52 57 23
52 58 27
52 59 29
52 60 63
52 61 55
52 62 92
52 64 43
52 66 74
52 67 31
52 69 21
52 70 12
52 71 81
52 73 61
52 74 52
52 75 56
52 78 94
52 79 23
52 80 12
52 82 32
52 87 84
52 88 11
52 90 22
52 91 19
52 92 22
52 93 14
52 95 44
52 96 8
52 99 35
53 54 80
53 56 87
53 59 78
53 60 10
53 62 67
53 65 58
53 66 93
53 70 13
53 71 42
53 73 70
53 74 41
53 76 59
53 77 48
53 78 81
53 82 86
53 88 69
53 89 69
53 92 38
53 93 71
53 95 73
53 96 74
53 97 40
53 100 44
54 56 5
54 57 86
54 58 49
54 59 19
54 60 82
54 62 82
54 66 10
54 73 34
54 76 82
54 78 68
54 81 82
54 84 79
54 86 36
54 87 57
54 92 9
54 93 76
54 96 9
54 97 60
54 99 9
54 100 96
55 56 93
55 57 53
55 58 7
55 59 95
55 62 88
55 64 16
55 65 16
55 69 1
55 73 68
55 75 62
55 76 84
55 78 63
55 80 85
55 83 62
55 86 7
55 88 41
55 89 39
55 92 55
55 95 35
55 98 25
55 99 79
56 60 20
56 61 8
56 62 46
56 63 99
56 65 53
56 69 14
56 71 95
56 73 100
56 75 32
56 76 53
56 82 74
56 84 4
56 86 28
56 87 37
56 91 65
56 94 4
56 95 62
56 97 35
56 100 32
57 61 98
57 62 88
57 63 93
57 65 26
57 67 68
57 69 91
57 70 67
57 72 15
57 73 78
57 75 40
57 77 10
57 79 98
57 80 36
57 84 54
57 86 89
57 88 99
57 92 72
57 93 88
57 94 87
57 97 49
57 98 25
57 100 8
58 61 6
58 65 8
58 67 7
58 68 72
58 74 34
58 75 3
58 77 3
58 78 73
58 79 82
58 81 60
58 84 25
58 85 26
58 86 84
58 88 67
58 89 61
58 92 94
58 93 12
58 94 56
58 96 48
59 61 17
59 62 48
59 65 19
59 66 60
59 68 64
59 69 56
59 70 53
59 72 80
59 74 68
59 75 57
59 77 38
59 80 10
59 82 32
59 83 73
59 89 78
59 90 75
59 91 4
59 92 62
59 94 94
59 97 43
59 98 99
59 99 1
60 63 67
60 64 97
60 67 58
60 68 95
60 69 66
60 71 53
60 72 1
60 73 71
60 75 56
60 77 63
60 78 66
60 80 20
60 84 86
60 85 13
60 93 41
60 94 62
60 95 47
60 96 43
60 97 24
60 99 53
61 63 100
61 65 86
61 66 73
61 68 24
61 69 82
61 71 36
61 72 15
61 73 89
61 76 41
61 78 44
61 81 90
61 82 27
61 85 38
61 86 81
61 87 14
61 88 31
61 90 18
61 93 28
61 94 67
61 95 44
61 96 96
62 63 22
62 65 52
62 69 59
62 70 11
62 72 18
62 81 59
62 83 54
62 84 80
62 85 15
62 86 54
62 87 84
62 88 33
62 91 62
62 92 18
62 93 11
62 99 3
62 100 5
63 68 49
63 70 24
63 72 25
63 77 23
63 79 15
63 80 71
63 81 68
63 82 88
63 83 28
63 84 62
63 85 64
63 88 54
63 89 84
63 90 13
63 92 12
63 93 45
63 94 54
63 97 74
63 98 60
64 65 46
64 66 81
64 69 93
64 70 53
64 72 80
64 73 17
64 74 65
64 78 5
64 81 53
64 82 60
64 83 94
64 85 35
64 86 75
64 87 30
64 88 92
64 89 42
64 91 90
64 92 30
64 93 14
64 95 71
64 96 36
64 97 19
65 67 46
65 68 23
65 71 47
65 73 44
65 75 55
65 77 3
65 80 34
65 81 73
65 82 63
65 83 83
65 86 30
65 92 89
65 96 47
65 97 67
65 99 60
66 68 64
66 69 23
66 76 56
66 78 65
66 79 10
66 84 89
66 90 45
66 92 32
66 93 31
66 96 50
66 97 65
66 99 64
66 100 62
67 70 55
67 73 95
67 76 50
67 77 26
67 79 17
67 81 17
67 82 83
67 85 86
67 87 42
67 99 74
67 100 65
68 75 3
68 79 56
68 80 73
68 83 39
68 84 28
68 85 13
68 86 97
68 89 83
68 90 87
68 91 4
68 92 21
68 95 39
68 96 54
68 100 68
69 73 70
69 79 6
69 85 16
69 87 1
69 88 84
69 89 97
69 92 89
69 94 41
69 95 82
69 96 87
69 97 71
69 99 5
69 100 45
70 71 34
70 73 70
70 74 95
70 76 12
70 78 23
70 79 15
70 82 57
70 83 25
70 84 9
70 86 96
70 89 30
70 91 71
70 92 91
70 93 32
70 96 82
70 97 60
70 98 35
71 72 53
71 73 56
71 76 70
71 78 58
71 79 24
71 80 2
71 82 41
71 84 95
71 87 98
71 91 65
71 92 49
71 93 1
71 94 19
71 96 60
71 97 45
71 98 65
71 100 91
72 74 8
72 75 52
72 76 53
72 78 91
72 79 59
72 81 44
72 85 34
72 87 30
72 88 80
72 90 69
72 91 14
72 93 29
72 95 31
72 96 32
72 99 63
72 100 58
73 79 91
73 81 2
73 82 1
73 83 84
73 84 50
73 87 89
73 88 53
73 91 91
73 94 76
73 96 87
73 97 16
73 98 52
73 99 86
74 76 36
74 77 9
74 78 28
74 79 86
74 80 66
74 81 100
74 83 84
74 85 4
74 86 37
74 87 70
74 88 63
74 90 76
74 91 57
74 93 96
74 94 55
74 95 61
74 96 18
74 98 5
75 77 90
75 81 79
75 82 49
75 83 57
75 86 2
75 89 83
75 90 17
75 95 11
75 98 80
75 99 43
76 77 18
76 78 62
76 79 80
76 81 20
76 82 25
76 83 93
76 85 64
76 86 8
76 89 75
76 92 15
76 94 64
76 95 52
76 97 62
76 98 40
76 99 15
76 100 88
77 78 33
77 82 78
77 83 100
77 86 55
77 88 30
77 89 4
77 90 100
77 91 22
77 92 63
77 93 63
77 95 75
77 96 60
77 97 67
77 98 46
78 83 15
78 85 21
78 86 19
78 91 22
78 92 24
78 93 33
78 98 55
79 80 85
79 81 93
79 82 30
79 83 42
79 84 85
79 85 1
79 88 89
79 93 51
79 94 81
79 95 26
79 97 68
79 98 6
79 99 81
79 100 12
80 81 21
80 84 5
80 85 80
80 87 46
80 88 67
80 92 56
80 93 24
80 97 12
80 98 80
81 82 38
81 83 37
81 84 89
81 86 70
81 88 4
81 89 58
81 91 95
81 92 16
81 96 19
81 97 82
82 84 3
82 85 31
82 86 9
82 87 59
82 89 28
82 92 60
82 93 43
82 99 3
82 100 54
83 84 32
83 85 25
83 86 55
83 89 53
83 90 10
83 91 40
83 92 20
83 93 83
83 94 37
83 97 15
83 98 46
83 99 30
84 85 24
84 89 64
84 91 82
84 92 57
84 93 76
84 94 79
84 98 45
84 99 94
84 100 88
85 86 50
85 87 20
85 90 89
85 91 59
85 92 95
85 94 81
85 95 15
85 96 43
85 100 82
86 87 85
86 88 23
86 90 12
86 92 63
86 93 61
86 94 54
86 95 66
86 96 11
86 97 37
86 98 73
86 100 74
87 88 86
87 90 85
87 91 89
87 92 76
87 95 62
87 98 86
87 99 68
87 100 10
88 90 46
88 91 35
88 92 70
88 93 59
88 94 40
88 96 4
88 97 86
88 98 62
89 90 59
89 92 21
89 93 89
89 98 80
89 100 37
90 91 74
90 92 5
90 94 21
90 95 23
90 96 80
90 99 15
91 92 62
91 95 60
91 98 63
91 99 95
92 94 14
92 97 21
92 100 73
93 94 76
93 96 59
93 97 50
93 98 40
94 97 21
94 100 85
95 96 38
95 97 74
95 98 30
96 97 26
96 98 64
96 99 41
96 100 89
97 98 8
97 99 5
98 99 71
98 100 71
