200 10081
1 2 51
1 5 70
1 6 59
1 7 62
1 8 80
1 9 44
1 10 94
1 11 65
1 14 4
1 15 8
1 16 57
1 18 92
1 21 27
1 23 48
1 25 98
1 30 27
1 32 42
1 33 39
1 34 68
1 35 21
1 36 39
1 37 57
1 38 21
1 40 91
1 41 85
1 43 98
1 46 1
1 49 88
1 51 59
1 52 54
1 58 78
1 59 33
1 60 64
1 62 69
1 64 60
1 65 56
1 68 5
1 69 46
1 70 86
1 71 83
1 79 40
1 82 74
1 86 37
1 88 63
1 93 16
1 94 77
1 95 86
1 96 41
1 99 59
1 100 65
1 101 7
1 102 26
1 103 49
1 105 59
1 106 47
1 111 30
1 112 36
1 113 21
1 114 45
1 120 45
1 121 82
1 122 47
1 123 84
1 124 13
1 125 22
1 127 42
1 129 94
1 130 35
1 131 5
1 133 22
1 134 79
1 135 1
1 136 97
1 137 4
1 139 63
1 142 28
1 146 7
1 148 23
1 149 67
1 151 89
1 156 28
1 157 59
1 158 31
1 161 55
1 162 17
1 165 66
1 167 12
1 171 40
1 172 100
1 173 7
1 174 68
1 175 72
1 176 2
1 177 11
1 178 94
1 180 47
1 185 61
1 186 91
1 188 13
1 189 66
1 190 94
1 192 72
1 195 79
1 198 58
2 4 46
2 5 8
2 8 22
2 9 78
2 10 39
2 11 42
2 13 73
2 15 26
2 16 87
2 17 69
2 19 7
2 24 76
2 26 65
2 28 69
2 29 31
2 30 11
2 33 52
2 38 49
2 40 27
2 44 38
2 45 26
2 46 57
2 47 36
2 48 16
2 52 54
2 53 5
2 57 88
2 58 30
2 60 50
2 62 37
2 65 70
2 66 94
2 67 3
2 72 85
2 74 85
2 75 57
2 76 88
2 80 83
2 81 43
2 82 71
2 83 60
2 84 78
2 85 55
2 88 27
2 90 13
2 91 20
2 93 16
2 94 97
2 95 92
2 96 86
2 100 9
2 101 47
2 102 74
2 107 89
2 108 65
2 109 78
2 110 100
2 111 95
2 113 67
2 115 44
2 117 86
2 118 38
2 121 5
2 124 64
2 125 91
2 126 73
2 128 96
2 129 53
2 133 97
2 134 17
2 136 71
2 137 78
2 139 4
2 140 13
2 141 90
2 142 31
2 143 80
2 144 20
2 147 68
2 148 45
2 151 71
2 158 9
2 161 33
2 163 21
2 166 53
2 168 48
2 170 32
2 171 78
2 172 97
2 173 73
2 174 70
2 175 21
2 177 67
2 178 68
2 180 32
2 181 72
2 182 63
2 186 30
2 187 88
2 189 62
2 190 86
2 194 98
2 196 73
2 199 36
3 4 69
3 7 99
3 9 74
3 12 63
3 13 88
3 15 14
3 16 95
3 19 19
3 20 24
3 22 52
3 24 59
3 27 39
3 30 11
3 31 25
3 33 7
3 34 26
3 35 47
3 38 37
3 39 85
3 41 57
3 47 24
3 51 84
3 53 23
3 54 1
3 55 9
3 56 91
3 58 40
3 61 29
3 64 87
3 70 22
3 71 39
3 72 99
3 73 10
3 77 66
3 78 69
3 79 26
3 80 83
3 82 23
3 86 8
3 89 58
3 90 10
3 92 53
3 95 96
3 96 9
3 97 99
3 98 11
3 99 67
3 101 17
3 102 30
3 103 59
3 105 15
3 107 89
3 109 73
3 110 13
3 111 55
3 112 34
3 113 7
3 115 45
3 118 40
3 119 60
3 120 43
3 122 1
3 124 17
3 131 21
3 132 96
3 133 60
3 135 8
3 136 76
3 137 37
3 142 8
3 144 98
3 146 91
3 147 33
3 148 28
3 150 48
3 154 100
3 155 6
3 157 52
3 164 24
3 166 17
3 168 85
3 170 26
3 171 4
3 172 3
3 173 19
3 174 99
3 175 63
3 178 96
3 184 82
3 185 57
3 186 20
3 187 72
3 189 42
3 193 56
3 195 64
3 196 70
3 197 93
3 199 49
4 5 90
4 7 54
4 8 99
4 9 61
4 10 71
4 13 71
4 14 9
4 16 7
4 17 75
4 18 27
4 26 90
4 27 24
4 28 38
4 31 1
4 33 37
4 34 10
4 35 58
4 36 26
4 37 12
4 38 6
4 40 87
4 43 12
4 46 29
4 47 24
4 49 34
4 50 3
4 51 64
4 55 83
4 56 24
4 57 62
4 59 26
4 60 32
4 61 65
4 65 40
4 66 80
4 67 32
4 69 25
4 76 17
4 77 34
4 81 13
4 82 5
4 83 60
4 85 34
4 88 50
4 90 40
4 97 75
4 98 21
4 100 84
4 103 10
4 106 80
4 107 53
4 111 13
4 112 91
4 113 20
4 120 13
4 121 48
4 125 4
4 126 12
4 128 45
4 129 1
4 130 54
4 132 3
4 133 82
4 134 37
4 136 14
4 137 5
4 140 80
4 142 59
4 143 98
4 146 61
4 150 50
4 151 76
4 152 73
4 158 61
4 160 6
4 162 19
4 163 15
4 165 36
4 166 40
4 167 37
4 171 99
4 172 66
4 178 80
4 179 58
4 181 64
4 182 22
4 184 46
4 188 7
4 190 10
4 192 63
4 195 23
4 196 53
4 199 87
5 7 69
5 10 56
5 12 89
5 16 29
5 17 61
5 19 5
5 22 55
5 23 32
5 25 87
5 26 60
5 27 13
5 28 24
5 30 88
5 33 93
5 35 48
5 39 66
5 41 52
5 42 53
5 45 43
5 47 20
5 49 82
5 51 83
5 58 40
5 60 93
5 63 24
5 64 8
5 69 84
5 70 100
5 71 59
5 72 82
5 73 82
5 76 49
5 77 24
5 79 84
5 81 58
5 84 13
5 88 25
5 93 69
5 94 75
5 95 36
5 98 41
5 99 11
5 100 27
5 101 36
5 103 63
5 104 79
5 107 38
5 113 18
5 115 80
5 117 30
5 118 56
5 121 44
5 122 23
5 123 57
5 124 52
5 125 5
5 131 15
5 132 67
5 135 44
5 136 70
5 138 37
5 140 79
5 147 83
5 149 49
5 150 19
5 151 19
5 152 66
5 153 40
5 156 44
5 159 72
5 160 50
5 162 43
5 163 3
5 164 73
5 166 4
5 169 64
5 171 1
5 173 2
5 174 10
5 175 57
5 177 15
5 181 32
5 182 3
5 184 81
5 185 72
5 187 26
5 188 87
5 190 49
5 191 12
5 193 10
5 194 24
5 196 8
5 199 37
5 200 46
6 8 12
6 9 20
6 10 38
6 13 95
6 15 81
6 17 3
6 19 82
6 23 66
6 25 41
6 27 84
6 28 34
6 29 81
6 30 60
6 32 100
6 33 69
6 34 60
6 35 92
6 36 46
6 38 51
6 41 63
6 43 76
6 44 98
6 45 64
6 47 22
6 48 66
6 51 29
6 52 7
6 54 88
6 55 70
6 57 79
6 58 83
6 61 74
6 62 73
6 63 53
6 64 51
6 65 54
6 66 71
6 67 87
6 69 6
6 71 29
6 72 37
6 77 29
6 78 9
6 81 1
6 82 8
6 83 95
6 84 91
6 92 3
6 98 61
6 100 68
6 102 53
6 103 74
6 105 80
6 108 72
6 110 70
6 113 54
6 115 44
6 116 29
6 117 83
6 118 95
6 120 63
6 122 36
6 123 77
6 124 66
6 125 91
6 129 47
6 133 60
6 134 69
6 135 56
6 137 62
6 139 39
6 140 6
6 144 2
6 145 75
6 148 77
6 150 28
6 151 53
6 152 93
6 153 98
6 154 54
6 155 22
6 157 99
6 158 39
6 160 3
6 164 38
6 166 21
6 169 56
6 173 32
6 174 28
6 176 69
6 178 21
6 179 97
6 181 26
6 185 56
6 186 66
6 188 88
6 189 79
6 190 61
6 193 33
6 195 50
6 196 20
6 199 8
7 10 38
7 11 91
7 13 9
7 15 70
7 16 46
7 17 5
7 18 67
7 21 76
7 28 5
7 30 76
7 33 74
7 36 33
7 38 44
7 39 9
7 41 7
7 43 86
7 46 80
7 48 43
7 49 13
7 50 29
7 52 1
7 53 77
7 55 65
7 57 34
7 58 93
7 60 98
7 61 44
7 64 22
7 65 12
7 71 29
7 73 44
7 75 17
7 76 38
7 77 42
7 78 80
7 81 26
7 82 99
7 86 35
7 87 83
7 88 64
7 91 83
7 93 70
7 96 33
7 97 29
7 100 72
7 101 79
7 105 9
7 106 74
7 108 85
7 111 98
7 114 1
7 116 29
7 118 14
7 119 48
7 123 4
7 126 51
7 129 85
7 130 47
7 131 78
7 132 43
7 133 84
7 139 94
7 141 39
7 145 57
7 146 45
7 150 24
7 151 66
7 152 46
7 153 77
7 155 90
7 157 87
7 160 59
7 161 21
7 162 98
7 163 77
7 166 19
7 170 58
7 171 25
7 173 99
7 176 48
7 177 27
7 178 95
7 181 34
7 183 92
7 189 52
7 190 84
7 191 22
7 199 17
7 200 37
8 10 99
8 12 33
8 13 30
8 14 39
8 15 36
8 16 49
8 17 7
8 21 95
8 27 6
8 30 98
8 33 30
8 34 57
8 35 51
8 39 47
8 41 82
8 42 90
8 44 11
8 46 40
8 47 88
8 51 26
8 54 63
8 55 73
8 56 71
8 59 77
8 60 74
8 61 50
8 62 84
8 66 36
8 67 67
8 68 12
8 74 2
8 77 83
8 79 67
8 82 23
8 85 94
8 87 99
8 88 95
8 90 37
8 92 43
8 94 14
8 105 70
8 113 51
8 114 89
8 116 45
8 117 68
8 118 57
8 119 29
8 120 10
8 122 34
8 124 8
8 125 84
8 127 64
8 128 10
8 129 27
8 130 43
8 131 62
8 132 15
8 133 63
8 134 33
8 137 11
8 138 95
8 139 61
8 142 74
8 143 46
8 151 78
8 152 2
8 153 27
8 154 51
8 155 12
8 156 41
8 157 64
8 160 35
8 162 58
8 164 82
8 166 24
8 172 71
8 173 51
8 174 95
8 175 82
8 178 80
8 179 93
8 180 7
8 182 54
8 183 9
8 184 42
8 187 95
8 188 97
8 194 59
8 195 91
8 196 47
8 197 44
8 198 53
9 10 77
9 11 34
9 13 61
9 15 30
9 20 77
9 23 16
9 26 50
9 27 1
9 28 16
9 29 42
9 30 29
9 32 38
9 33 43
9 34 39
9 35 61
9 39 20
9 41 29
9 46 44
9 47 2
9 48 78
9 50 32
9 51 70
9 53 61
9 54 90
9 55 99
9 56 73
9 57 12
9 60 99
9 61 50
9 62 34
9 64 79
9 65 45
9 66 6
9 70 40
9 71 87
9 73 95
9 74 60
9 76 60
9 80 63
9 84 94
9 85 20
9 86 4
9 87 69
9 89 57
9 91 91
9 98 41
9 100 93
9 102 79
9 105 15
9 106 11
9 107 78
9 108 53
9 109 86
9 110 12
9 113 31
9 114 42
9 119 31
9 121 26
9 122 14
9 125 13
9 127 89
9 128 84
9 129 44
9 131 10
9 132 5
9 134 48
9 138 37
9 139 29
9 140 61
9 142 55
9 145 90
9 147 27
9 148 95
9 150 44
9 153 94
9 154 13
9 155 45
9 158 7
9 159 39
9 162 79
9 163 48
9 164 71
9 167 85
9 168 5
9 171 60
9 173 10
9 174 81
9 176 94
9 177 89
9 179 85
9 181 53
9 182 21
9 185 42
9 186 90
9 187 51
9 188 97
9 190 36
9 191 100
9 192 41
9 196 13
9 197 4
9 198 49
9 200 37
10 11 39
10 13 97
10 15 98
10 16 40
10 22 78
10 24 75
10 25 98
10 26 41
10 28 30
10 29 29
10 30 13
10 32 71
10 33 64
10 35 32
10 40 94
10 42 74
10 44 24
10 50 68
10 54 95
10 57 1
10 58 58
10 60 48
10 63 25
10 66 15
10 69 30
10 72 28
10 73 55
10 78 79
10 79 16
10 81 56
10 83 32
10 84 91
10 89 58
10 90 92
10 92 91
10 93 49
10 96 62
10 97 33
10 100 28
10 103 25
10 104 5
10 105 34
10 109 40
10 110 51
10 111 41
10 113 70
10 115 71
10 116 70
10 117 90
10 118 16
10 119 62
10 120 55
10 123 46
10 124 12
10 125 35
10 126 90
10 128 90
10 131 23
10 138 61
10 140 27
10 142 27
10 143 98
10 145 87
10 149 25
10 152 72
10 158 75
10 162 51
10 164 67
10 166 22
10 169 36
10 170 42
10 172 55
10 173 27
10 174 49
10 177 60
10 179 42
10 180 20
10 181 32
10 183 8
10 184 5
10 186 56
10 188 44
10 192 15
10 193 59
10 195 10
10 196 43
10 197 6
10 199 32
10 200 20
11 13 73
11 14 54
11 18 42
11 19 88
11 20 62
11 21 8
11 23 69
11 24 19
11 25 74
11 26 15
11 29 93
11 31 97
11 33 90
11 34 45
11 42 33
11 44 40
11 47 91
11 48 59
11 49 15
11 52 76
11 53 97
11 54 64
11 57 47
11 59 21
11 60 56
11 68 27
11 70 23
11 73 15
11 74 66
11 75 23
11 77 88
11 79 58
11 80 79
11 81 55
11 82 78
11 83 78
11 85 62
11 86 34
11 87 78
11 88 58
11 93 51
11 96 62
11 98 51
11 103 35
11 104 28
11 106 77
11 107 53
11 108 7
11 113 57
11 114 15
11 115 91
11 116 74
11 117 5
11 119 87
11 120 4
11 126 22
11 127 6
11 130 32
11 131 22
11 136 4
11 137 24
11 139 27
11 140 98
11 141 86
11 142 29
11 144 28
11 148 33
11 150 37
11 155 42
11 156 85
11 160 31
11 164 3
11 165 96
11 168 32
11 172 7
11 174 29
11 176 29
11 177 74
11 181 69
11 182 80
11 184 10
11 185 59
11 187 95
11 189 20
11 190 39
11 193 48
11 196 39
11 197 29
11 198 55
11 199 19
12 13 21
12 15 59
12 16 93
12 17 97
12 19 98
12 20 15
12 24 74
12 25 27
12 27 14
12 28 16
12 31 92
12 33 5
12 35 10
12 36 75
12 37 49
12 38 85
12 40 78
12 42 77
12 45 67
12 46 36
12 47 85
12 51 67
12 52 45
12 59 65
12 60 49
12 62 70
12 63 3
12 65 61
12 68 3
12 71 60
12 73 14
12 74 58
12 75 78
12 76 72
12 77 94
12 78 57
12 79 1
12 83 63
12 84 49
12 92 98
12 93 59
12 102 82
12 104 83
12 105 31
12 108 8
12 110 36
12 112 40
12 115 14
12 116 76
12 119 61
12 120 39
12 121 92
12 122 1
12 123 28
12 125 63
12 126 48
12 129 21
12 131 91
12 133 66
12 140 51
12 142 39
12 143 90
12 144 4
12 145 89
12 146 22
12 147 33
12 150 65
12 151 53
12 157 71
12 158 45
12 159 5
12 160 64
12 162 21
12 165 27
12 167 100
12 168 97
12 170 13
12 171 54
12 175 28
12 178 90
12 179 92
12 180 1
12 182 5
12 183 1
12 186 90
12 189 51
12 190 33
12 191 85
12 192 50
12 194 87
12 198 3
12 199 26
13 14 92
13 17 59
13 18 65
13 19 21
13 20 37
13 21 74
13 24 30
13 28 83
13 31 72
13 33 95
13 35 41
13 40 72
13 42 68
13 44 31
13 46 46
13 47 65
13 52 20
13 53 71
13 55 91
13 56 49
13 57 68
13 58 99
13 62 48
13 64 28
13 67 54
13 72 71
13 77 84
13 80 19
13 84 90
13 85 55
13 87 56
13 88 89
13 89 41
13 90 16
13 93 48
13 94 8
13 95 83
13 96 10
13 97 78
13 99 37
13 103 20
13 105 98
13 106 43
13 107 96
13 108 74
13 109 91
13 111 83
13 112 46
13 113 80
13 114 56
13 118 34
13 120 66
13 122 96
13 123 6
13 127 32
13 130 26
13 131 99
13 135 2
13 137 58
13 138 78
13 141 25
13 142 88
13 145 50
13 147 57
13 148 6
13 149 4
13 151 60
13 152 27
13 155 60
13 156 81
13 157 30
13 160 57
13 162 97
13 163 7
13 165 19
13 167 56
13 168 15
13 170 43
13 171 49
13 172 98
13 173 32
13 176 64
13 177 96
13 182 92
13 185 11
13 187 81
13 188 66
13 189 14
13 191 50
13 195 80
13 196 80
13 198 75
13 199 30
13 200 13
14 15 53
14 16 27
14 25 71
14 26 51
14 27 2
14 28 90
14 30 52
14 31 90
14 33 64
14 36 73
14 38 68
14 40 88
14 42 14
14 43 17
14 44 87
14 45 71
14 46 5
14 47 6
14 48 28
14 49 83
14 51 10
14 52 78
14 56 92
14 58 17
14 59 47
14 60 91
14 62 39
14 63 96
14 64 95
14 66 10
14 69 63
14 70 63
14 73 36
14 74 13
14 76 89
14 80 70
14 82 50
14 89 23
14 91 13
14 96 35
14 99 21
14 100 84
14 102 46
14 105 90
14 107 53
14 109 50
14 115 82
14 116 60
14 118 64
14 119 65
14 120 5
14 125 60
14 126 8
14 127 23
14 128 45
14 131 4
14 132 49
14 133 42
14 134 85
14 138 80
14 139 6
14 140 39
14 142 34
14 143 26
14 144 54
14 145 89
14 147 18
14 149 78
14 150 88
14 151 90
14 153 96
14 154 54
14 156 25
14 158 65
14 159 90
14 161 33
14 164 3
14 165 17
14 166 50
14 167 58
14 170 96
14 171 97
14 173 49
14 179 41
14 183 72
14 188 28
14 189 96
14 190 59
14 191 6
14 193 75
14 194 47
15 18 7
15 19 99
15 20 38
15 24 69
15 25 65
15 28 23
15 29 69
15 30 7
15 31 96
15 34 37
15 36 58
15 38 61
15 39 80
15 41 30
15 42 80
15 43 61
15 46 59
15 48 79
15 50 45
15 55 60
15 56 80
15 58 21
15 63 90
15 65 47
15 66 98
15 67 25
15 69 96
15 72 8
15 73 33
15 80 29
15 81 75
15 82 52
15 87 77
15 88 89
15 90 19
15 91 47
15 92 39
15 94 96
15 95 29
15 96 35
15 98 63
15 103 6
15 105 25
15 107 12
15 108 19
15 109 99
15 114 94
15 115 5
15 118 54
15 125 56
15 127 23
15 128 32
15 129 46
15 131 11
15 133 65
15 136 64
15 137 58
15 138 3
15 139 10
15 140 2
15 141 11
15 143 54
15 144 12
15 145 47
15 147 52
15 151 79
15 153 33
15 155 16
15 157 34
15 158 22
15 159 84
15 160 71
15 161 11
15 163 82
15 164 81
15 165 44
15 166 77
15 167 61
15 168 69
15 169 11
15 173 28
15 174 42
15 175 2
15 176 6
15 177 23
15 179 27
15 180 98
15 181 37
15 186 55
15 188 73
15 190 87
15 191 88
15 194 93
15 196 36
15 197 64
15 198 7
16 18 24
16 21 26
16 24 3
16 26 87
16 32 68
16 33 2
16 35 73
16 39 66
16 42 90
16 44 53
16 45 43
16 47 16
16 48 15
16 52 36
16 53 77
16 54 7
16 55 80
16 57 42
16 58 43
16 59 2
16 61 94
16 62 68
16 64 94
16 65 16
16 66 83
16 68 43
16 69 57
16 70 40
16 71 10
16 72 39
16 75 33
16 78 92
16 79 1
16 80 39
16 83 77
16 85 70
16 89 63
16 90 1
16 91 17
16 93 40
16 94 91
16 96 1
16 97 30
16 98 82
16 103 24
16 104 32
16 108 75
16 109 50
16 118 13
16 120 27
16 121 13
16 123 23
16 124 6
16 126 98
16 127 36
16 131 9
16 132 68
16 133 15
16 135 64
16 136 39
16 137 60
16 138 72
16 139 24
16 140 77
16 141 80
16 143 70
16 144 51
16 145 94
16 146 21
16 148 75
16 152 83
16 153 51
16 158 89
16 162 92
16 163 72
16 165 91
16 167 81
16 168 12
16 169 77
16 170 94
16 171 92
16 174 55
16 179 98
16 181 19
16 182 8
16 188 21
16 189 50
16 190 51
16 191 92
16 194 77
16 196 98
17 18 85
17 19 28
17 23 47
17 29 44
17 30 24
17 33 71
17 40 48
17 42 40
17 43 11
17 44 64
17 45 15
17 46 55
17 48 56
17 50 100
17 51 78
17 55 36
17 57 98
17 60 71
17 61 100
17 62 77
17 66 80
17 67 6
17 68 69
17 70 95
17 72 93
17 74 72
17 77 38
17 79 70
17 80 93
17 82 30
17 83 13
17 86 5
17 87 26
17 90 16
17 93 11
17 94 86
17 96 29
17 98 57
17 102 30
17 104 93
17 105 18
17 108 78
17 109 6
17 110 72
17 114 44
17 116 22
17 118 73
17 119 73
17 120 22
17 122 74
17 124 27
17 125 96
17 127 32
17 128 29
17 130 39
17 132 31
17 133 36
17 135 12
17 137 98
17 138 15
17 140 92
17 141 22
17 142 57
17 144 72
17 145 18
17 146 45
17 147 78
17 149 33
17 158 33
17 160 17
17 163 82
17 164 20
17 165 67
17 167 29
17 168 56
17 170 43
17 171 13
17 173 44
17 178 13
17 184 6
17 185 56
17 190 3
17 193 93
17 198 77
18 22 60
18 23 66
18 24 98
18 25 94
18 26 40
18 31 46
18 32 44
18 34 57
18 37 11
18 39 88
18 41 77
18 43 89
18 48 58
18 51 54
18 54 47
18 55 40
18 56 92
18 58 54
18 61 8
18 63 100
18 66 15
18 67 53
18 68 60
18 70 99
18 73 47
18 74 35
18 77 76
18 78 5
18 81 91
18 82 88
18 83 57
18 87 41
18 88 5
18 89 93
18 95 68
18 96 29
18 97 64
18 100 92
18 102 60
18 106 19
18 109 44
18 114 95
18 116 64
18 117 49
18 118 52
18 120 87
18 122 53
18 123 29
18 125 54
18 128 60
18 129 64
18 130 44
18 136 58
18 137 33
18 139 94
18 142 21
18 144 22
18 145 26
18 148 55
18 149 74
18 150 53
18 151 92
18 152 67
18 154 39
18 157 90
18 158 4
18 160 81
18 162 60
18 166 20
18 168 76
18 170 16
18 171 77
18 172 62
18 175 37
18 178 92
18 179 92
18 180 44
18 183 42
18 184 99
18 186 65
18 188 66
18 189 45
18 192 53
18 193 63
18 195 54
18 197 59
19 23 43
19 25 16
19 27 38
19 30 58
19 32 33
19 33 41
19 35 98
19 37 57
19 40 48
19 41 65
19 44 17
19 45 2
19 46 36
19 47 69
19 49 97
19 50 71
19 51 42
19 53 94
19 54 63
19 55 68
19 56 28
19 58 63
19 61 79
19 62 74
19 64 75
19 65 2
19 66 69
19 70 26
19 72 34
19 74 36
19 75 5
19 76 87
19 79 40
19 82 64
19 84 80
19 85 32
19 86 91
19 88 31
19 89 3
19 94 92
19 96 14
19 97 38
19 98 29
19 99 35
19 101 31
19 104 30
19 105 67
19 106 72
19 107 2
19 111 98
19 112 95
19 114 28
19 115 76
19 118 28
19 120 9
19 121 34
19 127 41
19 131 58
19 132 5
19 134 63
19 135 20
19 136 39
19 137 62
19 138 42
19 140 57
19 144 14
19 146 84
19 147 77
19 148 76
19 149 84
19 153 94
19 156 12
19 158 43
19 160 12
19 162 52
19 164 58
19 165 80
19 166 68
19 172 74
19 173 14
19 174 33
19 176 80
19 181 65
19 183 8
19 185 64
19 186 56
19 187 58
19 189 17
19 190 44
19 193 25
19 194 43
19 196 10
19 198 63
19 200 55
20 21 98
20 22 80
20 23 51
20 26 3
20 27 41
20 28 73
20 29 33
20 33 48
20 36 93
20 37 32
20 39 60
20 41 72
20 43 22
20 48 62
20 49 32
20 51 26
20 52 23
20 53 90
20 56 84
20 57 10
20 58 80
20 61 5
20 65 97
20 66 15
20 67 23
20 71 81
20 73 67
20 74 65
20 75 43
20 77 87
20 78 94
20 79 37
20 81 86
20 82 44
20 87 89
20 88 41
20 89 88
20 91 30
20 92 2
20 93 19
20 97 2
20 99 9
20 103 35
20 106 67
20 108 58
20 109 17
20 111 22
20 114 76
20 115 69
20 116 37
20 117 34
20 119 99
20 122 28
20 124 44
20 126 50
20 127 54
20 129 14
20 131 10
20 133 35
20 134 7
20 137 44
20 138 16
20 139 11
20 140 76
20 141 27
20 145 11
20 146 57
20 148 96
20 149 62
20 153 11
20 154 63
20 155 55
20 157 72
20 159 39
20 161 53
20 166 78
20 170 47
20 172 15
20 173 9
20 174 7
20 175 53
20 176 2
20 178 91
20 179 21
20 180 22
20 182 43
20 183 2
20 186 5
20 187 49
20 188 95
20 189 82
20 192 67
20 197 5
20 199 79
21 22 52
21 23 24
21 25 87
21 27 69
21 28 35
21 30 4
21 31 58
21 32 11
21 33 38
21 36 81
21 37 96
21 38 79
21 41 59
21 42 97
21 44 22
21 46 11
21 48 27
21 50 7
21 52 98
21 53 14
21 55 94
21 56 9
21 57 90
21 58 59
21 59 72
21 60 44
21 61 84
21 62 43
21 63 19
21 65 56
21 66 23
21 67 55
21 76 59
21 82 58
21 89 33
21 90 28
21 95 100
21 96 53
21 101 86
21 102 98
21 105 67
21 106 33
21 107 5
21 109 84
21 110 100
21 111 68
21 112 5
21 113 79
21 114 30
21 115 47
21 116 40
21 125 83
21 127 90
21 128 64
21 129 47
21 130 90
21 131 77
21 132 70
21 133 68
21 135 97
21 136 14
21 140 7
21 143 91
21 146 95
21 148 19
21 150 5
21 152 10
21 153 81
21 154 40
21 155 54
21 157 31
21 165 21
21 166 90
21 167 29
21 169 88
21 170 49
21 172 65
21 173 78
21 174 49
21 180 38
21 182 74
21 184 40
21 185 80
21 187 65
21 189 79
21 190 86
21 191 28
21 192 47
21 195 78
21 196 53
22 23 53
22 25 57
22 28 18
22 29 84
22 30 54
22 32 27
22 34 5
22 36 3
22 37 23
22 39 93
22 40 13
22 41 17
22 44 40
22 46 17
22 47 67
22 48 53
22 50 73
22 51 8
22 53 12
22 58 77
22 59 89
22 61 37
22 62 75
22 64 7
22 65 13
22 67 85
22 71 95
22 72 55
22 73 79
22 75 34
22 76 68
22 78 59
22 79 90
22 80 97
22 82 11
22 84 57
22 85 29
22 87 4
22 90 77
22 91 85
22 92 47
22 93 37
22 97 22
22 98 46
22 100 66
22 108 56
22 115 83
22 116 46
22 117 71
22 119 84
22 120 64
22 121 8
22 122 79
22 125 51
22 132 85
22 133 66
22 138 31
22 140 38
22 142 49
22 144 10
22 145 67
22 147 51
22 149 88
22 153 63
22 155 20
22 156 4
22 158 22
22 160 27
22 161 36
22 162 29
22 163 77
22 165 5
22 166 86
22 167 75
22 168 4
22 169 18
22 171 98
22 172 50
22 174 93
22 175 14
22 176 83
22 177 49
22 181 36
22 183 36
22 184 42
22 185 81
22 188 4
22 189 44
22 191 2
22 193 53
22 194 57
22 197 95
22 198 50
22 199 92
23 24 54
23 28 27
23 33 49
23 39 63
23 41 11
23 45 3
23 47 3
23 52 68
23 53 51
23 55 66
23 56 56
23 57 71
23 58 88
23 61 48
23 62 86
23 63 7
23 69 2
23 72 61
23 74 56
23 75 1
23 80 6
23 81 75
23 82 33
23 83 5
23 84 36
23 86 58
23 88 17
23 93 73
23 94 47
23 97 41
23 98 91
23 101 60
23 103 70
23 104 53
23 106 15
23 107 79
23 108 16
23 111 9
23 116 79
23 119 37
23 121 31
23 122 78
23 123 52
23 125 28
23 130 8
23 132 16
23 133 16
23 137 45
23 138 45
23 140 48
23 141 71
23 143 25
23 146 88
23 147 32
23 148 46
23 149 1
23 150 68
23 151 34
23 154 83
23 155 29
23 156 50
23 159 24
23 162 100
23 166 65
23 167 10
23 169 12
23 171 50
23 172 35
23 173 20
23 174 34
23 175 27
23 176 100
23 177 36
23 178 3
23 180 66
23 181 89
23 182 36
23 183 30
23 184 75
23 185 89
23 186 68
23 187 89
23 192 80
23 196 98
23 197 55
23 198 95
23 199 68
23 200 29
24 25 20
24 30 47
24 31 71
24 32 38
24 33 97
24 36 61
24 39 75
24 41 37
24 47 53
24 50 44
24 51 21
24 53 96
24 56 95
24 57 52
24 63 89
24 67 38
24 75 47
24 76 74
24 78 27
24 80 80
24 81 29
24 83 94
24 84 21
24 85 37
24 86 4
24 87 31
24 89 4
24 93 21
24 94 21
24 96 19
24 97 4
24 98 22
24 100 28
24 102 44
24 104 14
24 107 80
24 111 33
24 113 22
24 117 39
24 119 15
24 122 8
24 123 75
24 127 55
24 128 68
24 130 98
24 132 100
24 133 42
24 136 68
24 137 55
24 138 24
24 140 68
24 141 6
24 144 35
24 146 19
24 147 28
24 148 63
24 149 9
24 150 35
24 151 62
24 152 12
24 154 40
24 157 89
24 158 35
24 163 83
24 165 5
24 168 15
24 170 9
24 171 21
24 172 8
24 173 64
24 174 64
24 177 1
24 178 92
24 179 39
24 180 97
24 181 70
24 190 93
24 193 8
24 195 54
24 196 69
24 197 77
25 26 32
25 28 5
25 31 14
25 34 94
25 35 51
25 36 22
25 39 47
25 40 36
25 41 67
25 43 40
25 44 69
25 45 34
25 46 83
25 48 82
25 49 50
25 50 83
25 52 98
25 54 34
25 60 28
25 61 85
25 64 31
25 67 52
25 69 27
25 70 97
25 71 25
25 75 53
25 79 52
25 82 42
25 86 65
25 92 32
25 93 88
25 95 61
25 97 38
25 99 68
25 103 59
25 104 78
25 108 95
25 109 29
25 111 73
25 112 75
25 115 18
25 116 93
25 117 88
25 118 14
25 119 33
25 120 98
25 121 60
25 122 82
25 124 74
25 125 94
25 126 43
25 128 9
25 132 38
25 133 71
25 136 82
25 137 6
25 139 84
25 141 29
25 142 83
25 143 89
25 144 8
25 145 79
25 146 36
25 147 84
25 148 40
25 156 76
25 157 9
25 159 38
25 160 29
25 161 46
25 162 62
25 163 89
25 166 52
25 168 94
25 171 6
25 174 82
25 176 70
25 177 95
25 178 91
25 179 3
25 180 14
25 181 46
25 183 83
25 187 72
25 191 62
25 194 93
25 196 25
25 198 91
25 199 66
26 27 73
26 28 30
26 30 2
26 32 8
26 34 87
26 35 67
26 36 86
26 37 93
26 38 11
26 40 13
26 45 63
26 46 11
26 49 43
26 50 90
26 53 97
26 55 33
26 56 40
26 58 26
26 59 10
26 61 99
26 64 22
26 66 7
26 67 64
26 68 13
26 69 57
26 71 100
26 77 48
26 79 82
26 80 36
26 85 3
26 86 69
26 92 25
26 93 15
26 96 98
26 97 55
26 98 46
26 102 65
26 104 37
26 106 34
26 107 99
26 108 65
26 110 27
26 111 32
26 113 33
26 115 19
26 116 46
26 117 69
26 120 43
26 124 62
26 125 69
26 126 65
26 127 86
26 128 55
26 130 50
26 131 34
26 132 40
26 134 97
26 135 91
26 137 21
26 140 46
26 141 48
26 143 85
26 146 6
26 147 40
26 148 38
26 151 77
26 153 15
26 154 79
26 155 4
26 161 30
26 162 76
26 163 50
26 164 76
26 166 12
26 167 14
26 169 56
26 173 22
26 175 11
26 177 33
26 178 66
26 182 45
26 184 69
26 188 4
26 194 63
26 197 16
26 198 18
26 199 52
26 200 95
27 28 55
27 29 11
27 32 72
27 34 43
27 36 16
27 37 30
27 38 97
27 39 76
27 40 35
27 41 37
27 43 84
27 44 67
27 45 79
27 46 61
27 48 82
27 52 23
27 53 13
27 54 44
27 55 85
27 58 45
27 59 48
27 62 45
27 67 5
27 72 19
27 73 27
27 75 93
27 76 81
27 79 32
27 81 29
27 82 80
27 83 45
27 86 26
27 89 5
27 92 18
27 99 44
27 101 59
27 102 93
27 103 8
27 104 67
27 105 91
27 106 13
27 107 88
27 108 82
27 109 81
27 111 45
27 112 78
27 115 47
27 116 95
27 117 57
27 118 83
27 119 31
27 121 85
27 122 27
27 125 52
27 126 55
27 129 4
27 130 61
27 131 3
27 133 70
27 135 65
27 136 47
27 137 6
27 140 9
27 141 32
27 142 34
27 144 62
27 147 5
27 148 84
27 149 17
27 150 34
27 152 89
27 154 67
27 155 30
27 157 88
27 158 6
27 161 34
27 163 89
27 166 85
27 169 95
27 171 89
27 172 30
27 179 15
27 181 91
27 182 39
27 183 52
27 184 2
27 185 20
27 187 34
27 188 68
27 189 27
27 191 59
27 197 80
27 199 24
27 200 29
28 29 50
28 30 12
28 31 77
28 33 45
28 34 8
28 35 95
28 38 58
28 39 24
28 40 64
28 41 44
28 43 79
28 44 42
28 45 66
28 47 16
28 51 85
28 55 10
28 56 42
28 59 77
28 60 51
28 65 52
28 67 65
28 68 57
28 69 11
28 71 78
28 72 100
28 74 99
28 77 68
28 78 99
28 80 91
28 81 15
28 82 51
28 83 78
28 84 57
28 85 47
28 93 77
28 94 25
28 95 95
28 96 43
28 97 21
28 98 82
28 99 73
28 101 91
28 103 57
28 106 80
28 109 64
28 110 51
28 111 37
28 112 37
28 116 79
28 118 18
28 121 58
28 124 75
28 129 9
28 130 21
28 132 6
28 135 10
28 139 88
28 143 51
28 144 18
28 151 63
28 152 26
28 153 31
28 154 77
28 156 72
28 157 38
28 158 80
28 159 45
28 164 47
28 167 52
28 168 81
28 172 34
28 173 60
28 174 67
28 175 71
28 176 91
28 180 70
28 183 31
28 184 79
28 187 66
28 191 75
28 194 66
28 196 83
28 197 86
28 200 90
29 36 46
29 37 17
29 39 63
29 43 13
29 45 67
29 46 88
29 47 90
29 54 91
29 57 88
29 59 15
29 61 89
29 62 43
29 66 64
29 68 22
29 69 21
29 70 11
29 72 54
29 73 78
29 75 86
29 76 95
29 78 24
29 82 78
29 83 77
29 87 5
29 88 62
29 89 48
29 93 81
29 94 19
29 96 27
29 97 73
29 99 31
29 100 38
29 101 93
29 102 93
29 106 15
29 107 56
29 108 23
29 109 90
29 110 62
29 111 21
29 115 71
29 116 4
29 117 94
29 119 81
29 123 26
29 125 46
29 126 98
29 127 90
29 129 17
29 130 33
29 139 74
29 142 27
29 143 70
29 146 56
29 147 68
29 148 18
29 149 12
29 150 100
29 152 27
29 153 4
29 154 63
29 155 68
29 157 27
29 158 30
29 159 89
29 160 36
29 161 47
29 162 5
29 163 85
29 164 18
29 165 9
29 168 22
29 170 43
29 171 91
29 173 87
29 175 65
29 176 92
29 177 20
29 179 35
29 184 82
29 186 7
29 188 74
29 189 82
29 192 21
29 194 69
29 195 26
29 199 90
30 32 66
30 34 70
30 36 79
30 41 98
30 42 26
30 47 82
30 50 96
30 53 77
30 54 8
30 55 49
30 56 32
30 58 27
30 59 82
30 60 33
30 61 6
30 62 41
30 67 48
30 68 98
30 69 84
30 71 21
30 72 67
30 73 39
30 75 30
30 76 8
30 77 49
30 79 20
30 80 51
30 82 56
30 86 95
30 87 14
30 89 26
30 94 8
30 95 82
30 96 92
30 97 10
30 98 51
30 102 31
30 103 46
30 105 43
30 107 7
30 110 18
30 114 14
30 115 10
30 116 83
30 117 95
30 118 75
30 119 3
30 120 83
30 123 30
30 124 77
30 126 29
30 132 24
30 134 73
30 135 87
30 136 4
30 137 11
30 141 49
30 143 24
30 146 50
30 147 21
30 148 32
30 149 43
30 150 51
30 151 98
30 152 50
30 154 76
30 155 68
30 156 41
30 162 35
30 163 65
30 168 3
30 169 5
30 170 44
30 172 77
30 174 74
30 175 48
30 176 68
30 177 31
30 178 81
30 179 35
30 184 92
30 185 72
30 187 74
30 191 6
30 196 69
30 198 33
30 199 32
31 37 29
31 38 59
31 40 17
31 41 28
31 42 53
31 44 60
31 46 35
31 48 94
31 49 4
31 50 69
31 51 44
31 52 41
31 53 68
31 55 10
31 57 11
31 58 97
31 59 91
31 60 87
31 63 20
31 64 85
31 68 82
31 69 62
31 71 70
31 72 17
31 76 99
31 77 24
31 81 11
31 83 81
31 86 56
31 87 27
31 89 51
31 90 55
31 91 78
31 92 1
31 94 46
31 104 33
31 105 54
31 111 44
31 114 44
31 115 3
31 116 47
31 117 35
31 119 21
31 121 86
31 127 17
31 128 85
31 129 71
31 131 86
31 132 4
31 135 21
31 136 86
31 138 39
31 139 73
31 141 15
31 142 20
31 144 7
31 146 52
31 152 82
31 153 17
31 154 15
31 157 29
31 159 93
31 160 62
31 161 92
31 162 54
31 165 1
31 167 3
31 170 83
31 171 62
31 172 32
31 174 51
31 175 49
31 176 94
31 178 83
31 182 31
31 183 38
31 185 5
31 186 63
31 187 65
31 188 21
31 190 91
31 191 18
31 192 15
31 193 89
31 194 35
31 195 21
31 196 35
31 197 65
32 34 20
32 36 34
32 37 66
32 39 16
32 42 49
32 44 62
32 48 89
32 50 17
32 53 18
32 60 46
32 64 45
32 65 3
32 67 82
32 69 41
32 70 42
32 71 14
32 73 71
32 77 14
32 78 45
32 79 40
32 80 59
32 81 46
32 83 86
32 84 83
32 85 61
32 86 29
32 87 86
32 88 18
32 89 57
32 90 93
32 91 77
32 94 72
32 97 77
32 99 52
32 103 82
32 105 62
32 106 97
32 109 18
32 110 67
32 112 22
32 115 15
32 121 77
32 124 81
32 127 46
32 132 42
32 133 49
32 135 76
32 136 67
32 137 96
32 138 20
32 139 12
32 141 34
32 142 33
32 143 88
32 149 66
32 152 60
32 154 26
32 155 99
32 156 37
32 157 15
32 158 69
32 160 90
32 164 53
32 166 54
32 168 31
32 169 3
32 171 47
32 174 54
32 175 2
32 176 28
32 177 70
32 178 85
32 180 90
32 181 91
32 182 68
32 183 91
32 187 58
32 189 72
32 190 45
32 194 31
32 195 5
32 198 22
32 200 41
33 35 88
33 36 89
33 38 37
33 40 6
33 41 5
33 43 79
33 47 30
33 54 48
33 58 23
33 59 2
33 61 2
33 64 14
33 67 22
33 71 63
33 73 10
33 75 49
33 76 8
33 77 85
33 78 46
33 79 14
33 80 46
33 82 17
33 84 70
33 86 63
33 87 70
33 88 90
33 89 4
33 90 62
33 93 35
33 96 14
33 101 55
33 102 11
33 104 100
33 105 98
33 108 74
33 110 25
33 111 50
33 112 31
33 113 90
33 116 95
33 117 77
33 118 38
33 122 50
33 123 1
33 124 86
33 125 63
33 126 82
33 127 29
33 129 22
33 131 60
33 133 33
33 135 7
33 136 16
33 137 21
33 138 48
33 139 63
33 142 97
33 143 72
33 144 91
33 145 3
33 146 32
33 147 93
33 148 42
33 149 91
33 150 28
33 152 17
33 157 25
33 160 35
33 163 72
33 167 44
33 169 91
33 171 29
33 172 34
33 174 85
33 175 24
33 176 96
33 178 26
33 179 68
33 180 36
33 182 14
33 186 42
33 188 10
33 189 74
33 190 64
33 191 46
33 192 30
33 193 98
33 195 86
33 197 5
33 198 4
34 35 56
34 36 68
34 37 84
34 39 21
34 40 90
34 42 31
34 47 61
34 48 25
34 49 7
34 50 93
34 51 14
34 52 81
34 56 70
34 57 76
34 58 66
34 60 37
34 62 31
34 66 31
34 67 87
34 68 59
34 69 66
34 70 6
34 71 5
34 72 39
34 73 98
34 74 67
34 75 40
34 76 91
34 77 87
34 78 24
34 79 28
34 82 93
34 83 75
34 84 44
34 85 34
34 88 45
34 89 95
34 91 96
34 94 26
34 95 90
34 96 81
34 100 15
34 101 68
34 107 28
34 108 49
34 109 5
34 110 22
34 111 33
34 112 50
34 115 43
34 116 76
34 117 89
34 118 57
34 119 67
34 120 62
34 121 46
34 124 23
34 130 87
34 133 56
34 135 83
34 136 71
34 138 91
34 139 77
34 144 52
34 146 17
34 147 61
34 150 48
34 152 89
34 153 91
34 154 49
34 156 56
34 157 6
34 158 26
34 161 41
34 162 83
34 165 58
34 167 13
34 169 6
34 171 9
34 174 11
34 175 78
34 179 20
34 180 4
34 181 5
34 184 14
34 185 88
34 187 45
34 189 3
34 190 14
34 192 85
34 193 80
34 194 78
34 197 33
34 199 17
35 37 19
35 38 69
35 44 37
35 45 13
35 46 37
35 47 52
35 48 44
35 55 49
35 56 48
35 57 28
35 58 99
35 59 32
35 60 82
35 63 96
35 69 44
35 74 82
35 75 27
35 76 11
35 77 98
35 79 84
35 80 58
35 81 18
35 82 24
35 83 85
35 84 27
35 86 66
35 87 75
35 88 17
35 89 66
35 91 42
35 92 23
35 95 42
35 98 65
35 101 33
35 105 44
35 108 4
35 111 29
35 114 4
35 118 78
35 121 46
35 122 42
35 123 43
35 124 5
35 126 75
35 129 38
35 131 74
35 132 28
35 133 84
35 135 38
35 136 45
35 142 44
35 143 22
35 144 12
35 145 90
35 148 93
35 150 100
35 152 96
35 156 48
35 159 22
35 160 82
35 162 39
35 169 80
35 171 35
35 174 97
35 177 15
35 178 51
35 179 52
35 181 89
35 182 76
35 184 26
35 186 32
35 189 98
35 190 87
35 192 54
35 195 21
35 196 29
35 200 39
36 37 57
36 40 92
36 47 2
36 50 9
36 51 32
36 52 15
36 53 64
36 55 76
36 56 46
36 57 70
36 60 38
36 64 82
36 65 87
36 67 27
36 68 80
36 69 13
36 71 88
36 72 21
36 73 34
36 76 46
36 77 22
36 78 22
36 79 71
36 80 18
36 81 27
36 84 21
36 85 10
36 86 75
36 87 38
36 89 94
36 90 74
36 91 76
36 92 77
36 96 71
36 101 68
36 102 25
36 106 86
36 108 70
36 112 4
36 113 7
36 114 38
36 115 68
36 116 13
36 119 61
36 121 94
36 123 97
36 124 46
36 126 76
36 127 34
36 128 3
36 130 77
36 132 48
36 133 55
36 137 44
36 139 32
36 140 13
36 146 22
36 147 59
36 149 59
36 150 84
36 151 61
36 156 22
36 158 34
36 159 60
36 160 45
36 161 39
36 164 48
36 166 27
36 168 19
36 170 63
36 171 88
36 172 55
36 173 47
36 174 2
36 176 71
36 177 66
36 179 35
36 183 96
36 187 92
36 190 86
36 191 69
36 193 37
36 194 97
36 197 74
36 200 96
37 43 59
37 45 65
37 47 50
37 50 47
37 51 11
37 53 97
37 54 27
37 57 51
37 59 8
37 60 93
37 61 87
37 67 60
37 71 55
37 75 49
37 76 48
37 79 97
37 83 69
37 85 43
37 86 73
37 92 93
37 94 83
37 96 69
37 99 97
37 101 18
37 102 84
37 103 85
37 104 58
37 106 10
37 107 23
37 109 11
37 111 7
37 112 30
37 113 13
37 116 5
37 117 11
37 120 47
37 121 14
37 127 32
37 128 48
37 129 66
37 130 85
37 131 13
37 132 89
37 134 89
37 135 44
37 136 22
37 138 3
37 140 58
37 141 49
37 144 91
37 145 85
37 150 44
37 153 23
37 154 44
37 155 77
37 156 4
37 157 42
37 158 39
37 159 17
37 161 23
37 165 90
37 167 41
37 168 77
37 169 6
37 170 47
37 172 35
37 174 89
37 177 11
37 178 32
37 180 16
37 181 71
37 182 36
37 183 10
37 188 32
37 191 50
37 192 72
37 194 90
37 195 59
37 196 54
37 197 17
37 198 95
37 199 95
38 40 95
38 43 38
38 44 62
38 46 38
38 47 39
38 49 40
38 52 63
38 57 72
38 62 87
38 64 93
38 67 92
38 75 81
38 76 98
38 78 2
38 79 5
38 84 31
38 86 43
38 88 17
38 89 90
38 90 51
38 91 31
38 92 32
38 96 18
38 97 79
38 98 68
38 100 33
38 102 69
38 105 15
38 106 83
38 109 6
38 110 82
38 111 22
38 112 55
38 114 94
38 115 36
38 118 77
38 122 90
38 123 71
38 124 56
38 125 53
38 127 24
38 131 86
38 133 92
38 134 81
38 139 99
38 144 27
38 145 47
38 147 100
38 149 47
38 152 75
38 153 79
38 154 25
38 155 13
38 156 79
38 157 33
38 159 33
38 164 12
38 167 93
38 170 70
38 171 3
38 172 90
38 173 41
38 175 41
38 176 39
38 177 75
38 179 18
38 184 69
38 185 7
38 187 65
38 188 54
38 189 88
38 192 67
38 193 1
38 194 48
38 195 10
38 196 10
38 197 100
38 198 61
38 200 92
39 40 33
39 41 39
39 48 1
39 49 28
39 53 30
39 54 66
39 59 36
39 62 52
39 63 60
39 65 37
39 66 76
39 68 34
39 70 29
39 71 49
39 72 20
39 78 61
39 84 60
39 85 80
39 86 14
39 89 59
39 90 86
39 91 58
39 95 61
39 96 47
39 99 61
39 102 14
39 103 37
39 104 21
39 106 59
39 107 67
39 109 54
39 110 61
39 114 80
39 115 70
39 116 15
39 118 82
39 120 41
39 122 11
39 123 35
39 124 94
39 125 35
39 130 70
39 132 64
39 136 82
39 137 34
39 139 81
39 140 68
39 143 16
39 144 68
39 145 15
39 146 28
39 147 52
39 150 39
39 152 56
39 153 73
39 154 93
39 155 67
39 156 30
39 157 56
39 160 21
39 162 5
39 166 14
39 167 70
39 171 88
39 172 28
39 174 20
39 175 15
39 177 81
39 178 9
39 179 90
39 180 26
39 181 25
39 184 22
39 187 47
39 188 48
39 189 32
39 191 39
39 192 51
39 193 1
39 194 36
39 196 58
39 197 79
39 199 68
39 200 6
40 42 88
40 45 24
40 46 9
40 47 3
40 49 3
40 50 51
40 54 83
40 61 58
40 63 47
40 64 41
40 65 44
40 67 63
40 69 53
40 70 8
40 71 54
40 73 84
40 74 16
40 76 15
40 77 27
40 78 60
40 79 25
40 80 24
40 82 6
40 83 89
40 85 26
40 89 53
40 94 95
40 95 31
40 96 68
40 97 76
40 102 57
40 104 11
40 106 100
40 108 20
40 110 25
40 114 97
40 118 67
40 119 19
40 121 69
40 122 28
40 124 84
40 126 45
40 127 76
40 129 85
40 130 14
40 133 59
40 135 47
40 137 40
40 140 85
40 142 1
40 143 57
40 145 9
40 147 44
40 149 36
40 150 73
40 156 94
40 160 94
40 162 80
40 165 32
40 166 35
40 171 87
40 172 88
40 174 96
40 176 60
40 177 75
40 179 80
40 186 29
40 189 87
40 190 72
40 191 59
40 192 78
40 195 62
41 43 50
41 47 3
41 50 70
41 52 56
41 53 72
41 55 94
41 56 28
41 58 81
41 59 58
41 61 95
41 62 71
41 64 76
41 65 93
41 66 3
41 68 14
41 69 55
41 70 7
41 73 77
41 74 12
41 75 49
41 77 42
41 81 83
41 82 10
41 83 54
41 85 56
41 86 44
41 87 77
41 89 6
41 91 17
41 94 41
41 96 11
41 97 41
41 102 16
41 103 76
41 105 7
41 107 78
41 108 4
41 109 13
41 114 90
41 115 12
41 116 63
41 118 40
41 119 18
41 120 86
41 121 45
41 124 43
41 125 77
41 126 14
41 129 42
41 132 42
41 133 3
41 134 64
41 136 45
41 138 64
41 139 18
41 141 40
41 144 34
41 145 36
41 147 90
41 148 22
41 151 40
41 152 40
41 154 18
41 155 58
41 156 62
41 157 51
41 160 99
41 161 58
41 163 25
41 165 88
41 168 95
41 169 58
41 170 5
41 174 63
41 178 32
41 179 84
41 184 9
41 188 32
41 190 9
41 191 60
41 192 73
41 194 86
41 197 35
42 43 3
42 44 24
42 45 9
42 47 4
42 48 46
42 50 11
42 52 25
42 53 52
42 55 90
42 56 81
42 59 58
42 61 83
42 63 30
42 66 82
42 68 74
42 69 43
42 75 39
42 77 12
42 79 35
42 82 17
42 87 73
42 92 75
42 93 16
42 95 90
42 96 64
42 97 35
42 98 75
42 99 38
42 104 99
42 106 40
42 108 41
42 109 96
42 111 53
42 112 16
42 113 12
42 115 80
42 116 49
42 117 52
42 118 19
42 122 58
42 124 31
42 125 52
42 126 22
42 127 5
42 129 58
42 132 29
42 134 57
42 137 88
42 138 15
42 142 59
42 146 97
42 147 18
42 152 41
42 153 52
42 155 97
42 158 96
42 159 71
42 160 30
42 161 14
42 166 64
42 167 12
42 168 90
42 169 83
42 170 39
42 171 80
42 172 14
42 174 28
42 176 60
42 177 32
42 180 16
42 182 53
42 186 42
42 188 27
42 189 35
42 190 23
42 192 3
42 195 71
42 197 90
42 199 84
43 46 13
43 50 24
43 51 19
43 55 26
43 57 88
43 62 43
43 65 22
43 66 73
43 67 100
43 70 13
43 72 31
43 74 50
43 76 85
43 78 95
43 79 10
43 81 45
43 82 48
43 85 14
43 87 62
43 88 80
43 90 65
43 91 81
43 92 55
43 95 34
43 97 72
43 98 15
43 99 97
43 100 38
43 103 79
43 105 71
43 106 2
43 108 81
43 113 9
43 115 32
43 121 89
43 122 53
43 123 94
43 124 77
43 125 31
43 127 53
43 128 20
43 129 54
43 131 70
43 132 21
43 138 59
43 140 19
43 141 7
43 142 15
43 143 97
43 145 27
43 147 75
43 151 7
43 152 70
43 153 9
43 155 33
43 156 18
43 157 49
43 159 43
43 160 63
43 161 9
43 162 2
43 167 64
43 169 17
43 170 72
43 172 37
43 175 18
43 177 35
43 178 3
43 180 63
43 185 15
43 187 11
43 188 31
43 190 18
43 191 32
43 192 93
43 196 9
43 197 9
43 199 93
43 200 88
44 47 57
44 48 69
44 49 42
44 50 91
44 53 82
44 55 90
44 56 98
44 60 25
44 63 19
44 65 59
44 66 75
44 73 54
44 75 33
44 76 54
44 77 86
44 78 34
44 80 36
44 83 66
44 84 59
44 89 16
44 90 61
44 91 4
44 92 56
44 94 27
44 97 89
44 98 37
44 99 64
44 100 12
44 101 7
44 103 23
44 104 48
44 105 31
44 107 46
44 108 26
44 110 62
44 112 17
44 113 74
44 114 24
44 117 48
44 118 87
44 121 30
44 122 33
44 123 70
44 125 74
44 127 31
44 128 84
44 129 95
44 130 75
44 135 58
44 136 75
44 138 9
44 139 93
44 144 43
44 147 83
44 148 53
44 149 77
44 153 56
44 159 85
44 160 22
44 161 35
44 166 73
44 167 40
44 171 79
44 173 58
44 175 6
44 178 26
44 183 11
44 185 65
44 188 32
44 189 99
44 192 40
44 196 98
44 199 3
44 200 57
45 46 46
45 47 33
45 48 57
45 49 42
45 50 66
45 51 33
45 54 56
45 55 16
45 57 78
45 58 58
45 60 27
45 61 75
45 67 93
45 68 47
45 71 27
45 73 56
45 74 8
45 75 88
45 77 41
45 81 75
45 85 15
45 86 46
45 88 4
45 89 25
45 90 66
45 91 82
45 93 56
45 94 60
45 95 84
45 98 19
45 100 2
45 103 34
45 105 7
45 107 67
45 108 86
45 111 84
45 113 65
45 114 81
45 117 37
45 118 18
45 119 46
45 122 5
45 123 1
45 124 89
45 126 99
45 128 92
45 129 25
45 130 57
45 131 18
45 135 9
45 137 57
45 139 23
45 146 42
45 148 46
45 149 35
45 150 83
45 153 43
45 155 45
45 158 27
45 161 51
45 164 85
45 167 82
45 170 90
45 172 76
45 174 39
45 175 25
45 177 65
45 182 39
45 183 42
45 185 12
45 186 50
45 189 57
45 191 39
45 192 76
45 194 85
45 196 20
45 197 96
45 199 4
46 47 5
46 48 1
46 49 51
46 52 65
46 54 52
46 55 82
46 56 75
46 58 81
46 60 16
46 61 77
46 62 31
46 63 36
46 69 36
46 74 100
46 75 37
46 76 73
46 82 72
46 83 84
46 85 4
46 86 19
46 87 32
46 89 18
46 90 59
46 91 56
46 98 15
46 99 65
46 106 45
46 107 94
46 108 69
46 110 22
46 113 19
46 116 42
46 118 100
46 122 19
46 124 20
46 125 12
46 126 45
46 127 6
46 128 45
46 129 46
46 131 54
46 132 7
46 133 8
46 134 24
46 135 58
46 138 74
46 139 97
46 141 68
46 142 59
46 144 65
46 146 41
46 148 53
46 150 53
46 151 54
46 152 75
46 155 63
46 156 77
46 157 20
46 159 44
46 160 58
46 161 98
46 163 55
46 165 66
46 166 35
46 171 19
46 173 48
46 174 75
46 176 23
46 177 39
46 178 43
46 182 73
46 184 23
46 186 29
46 187 61
46 189 85
46 191 40
46 195 28
46 197 7
46 199 79
46 200 28
47 50 56
47 51 80
47 55 78
47 56 54
47 58 82
47 60 70
47 62 74
47 63 91
47 64 68
47 66 3
47 69 74
47 72 79
47 74 99
47 76 88
47 78 76
47 80 21
47 83 73
47 84 24
47 88 48
47 89 14
47 90 29
47 91 97
47 94 63
47 95 8
47 101 25
47 103 66
47 104 40
47 106 56
47 108 12
47 110 19
47 111 95
47 114 60
47 115 24
47 117 42
47 121 19
47 122 6
47 127 71
47 128 79
47 129 15
47 130 20
47 131 49
47 132 91
47 135 54
47 136 11
47 137 9
47 138 22
47 143 36
47 145 73
47 146 70
47 149 17
47 151 75
47 154 84
47 155 53
47 159 85
47 161 31
47 164 13
47 166 31
47 167 90
47 168 71
47 170 37
47 171 92
47 172 16
47 179 38
47 182 59
47 186 22
47 189 10
47 191 84
47 192 94
47 193 52
47 194 43
47 195 29
47 196 61
47 197 14
47 198 10
47 200 75
48 49 38
48 50 22
48 51 16
48 52 40
48 53 59
48 54 12
48 55 44
48 58 33
48 60 84
48 62 80
48 64 98
48 65 18
48 67 18
48 70 14
48 73 95
48 75 18
48 77 64
48 78 87
48 79 67
48 82 5
48 88 87
48 89 77
48 95 77
48 99 42
48 104 20
48 110 25
48 111 17
48 113 24
48 114 24
48 116 29
48 117 74
48 120 58
48 123 90
48 125 87
48 131 54
48 132 71
48 133 23
48 134 45
48 136 16
48 139 87
48 142 91
48 143 40
48 145 42
48 146 91
48 148 43
48 149 77
48 150 62
48 152 67
48 153 80
48 156 83
48 158 5
48 159 31
48 165 95
48 169 25
48 173 25
48 174 38
48 182 90
48 184 4
48 185 58
48 187 93
48 188 72
48 189 78
48 190 60
48 191 17
48 192 6
48 195 22
48 196 79
48 200 15
49 55 46
49 57 100
49 59 71
49 60 8
49 62 55
49 65 47
49 67 58
49 69 92
49 70 40
49 71 61
49 74 70
49 76 84
49 78 49
49 79 58
49 80 59
49 81 71
49 83 51
49 86 44
49 87 6
49 90 1
49 91 55
49 92 20
49 95 80
49 98 53
49 99 64
49 101 81
49 105 10
49 106 83
49 108 96
49 110 100
49 111 82
49 112 100
49 113 84
49 114 30
49 119 76
49 120 56
49 123 25
49 124 12
49 125 47
49 126 34
49 128 58
49 130 78
49 132 95
49 135 48
49 136 54
49 138 26
49 139 64
49 140 73
49 145 10
49 147 90
49 148 66
49 149 27
49 150 72
49 151 85
49 155 74
49 159 81
49 160 8
49 161 42
49 162 24
49 163 81
49 164 20
49 168 4
49 169 6
49 171 60
49 172 37
49 174 65
49 176 39
49 178 72
49 181 98
49 182 40
49 187 85
49 192 46
49 195 36
49 196 95
49 197 47
50 52 20
50 58 84
50 59 78
50 62 24
50 64 39
50 65 27
50 66 19
50 67 89
50 68 80
50 69 95
50 70 34
50 76 17
50 78 61
50 79 90
50 82 51
50 83 22
50 84 68
50 85 79
50 86 92
50 89 70
50 90 97
50 91 56
50 92 16
50 93 44
50 94 69
50 96 76
50 98 12
50 99 1
50 100 37
50 101 25
50 102 73
50 104 10
50 105 55
50 108 32
50 112 75
50 114 97
50 116 15
50 117 7
50 119 92
50 120 35
50 124 56
50 125 14
50 126 65
50 127 39
50 131 27
50 135 52
50 137 55
50 141 16
50 143 15
50 144 4
50 148 32
50 151 23
50 154 56
50 156 44
50 157 3
50 160 81
50 162 15
50 163 74
50 164 48
50 166 91
50 167 95
50 168 8
50 171 12
50 172 49
50 176 90
50 181 46
50 183 15
50 184 57
50 186 19
50 187 37
50 188 9
50 189 8
50 191 21
50 193 31
50 194 53
50 200 22
51 53 4
51 54 5
51 55 61
51 56 27
51 57 40
51 58 70
51 60 28
51 63 45
51 64 81
51 65 73
51 67 81
51 68 60
51 70 58
51 72 54
51 73 97
51 78 96
51 79 86
51 80 21
51 81 49
51 82 41
51 85 30
51 86 36
51 87 32
51 88 22
51 92 13
51 95 85
51 98 85
51 104 79
51 105 90
51 106 45
51 107 30
51 114 60
51 115 22
51 122 43
51 123 80
51 124 10
51 125 41
51 126 26
51 128 93
51 130 55
51 131 66
51 133 56
51 136 9
51 137 78
51 139 22
51 144 96
51 145 37
51 146 14
51 147 5
51 148 100
51 152 27
51 155 30
51 156 9
51 157 43
51 158 62
51 159 45
51 161 61
51 162 76
51 163 18
51 164 95
51 165 31
51 167 60
51 169 96
51 170 77
51 173 50
51 174 17
51 175 36
51 179 87
51 180 26
51 181 86
51 182 61
51 185 27
51 186 77
51 188 58
51 189 75
51 191 22
51 192 9
51 194 41
51 196 25
51 197 46
51 199 79
51 200 43
52 54 85
52 55 91
52 58 69
52 59 72
52 61 69
52 62 34
52 64 29
52 65 17
52 66 20
52 68 36
52 69 56
52 71 76
52 73 62
52 76 70
52 78 69
52 81 99
52 83 26
52 84 80
52 85 9
52 86 66
52 87 12
52 88 16
52 90 62
52 91 11
52 92 11
52 98 87
52 100 21
52 102 33
52 103 41
52 106 27
52 107 64
52 109 79
52 110 68
52 112 68
52 113 83
52 115 35
52 118 20
52 119 71
52 120 24
52 121 12
52 122 95
52 123 77
52 125 34
52 128 65
52 130 53
52 132 82
52 135 6
52 138 85
52 142 68
52 143 40
52 145 92
52 146 96
52 147 45
52 149 79
52 152 2
52 154 4
52 156 75
52 158 27
52 159 5
52 160 69
52 162 30
52 163 50
52 164 94
52 166 99
52 168 46
52 172 88
52 174 37
52 175 76
52 177 52
52 179 80
52 180 2
52 181 68
52 183 87
52 185 56
52 186 57
52 187 88
52 188 49
52 189 92
52 190 68
52 196 87
52 198 97
52 199 44
52 200 27
53 55 78
53 56 58
53 58 76
53 59 27
53 60 20
53 61 37
53 64 100
53 65 28
53 66 85
53 68 13
53 70 81
53 71 44
53 75 46
53 78 62
53 80 52
53 82 24
53 83 51
53 85 5
53 86 77
53 87 25
53 89 91
53 90 24
53 92 24
53 94 10
53 96 32
53 97 18
53 101 90
53 103 100
53 104 82
53 106 15
53 108 82
53 111 29
53 112 7
53 113 47
53 114 29
53 115 78
53 117 84
53 118 92
53 119 65
53 120 78
53 121 87
53 122 57
53 125 2
53 128 37
53 132 34
53 133 52
53 135 75
53 136 94
53 137 39
53 141 43
53 142 57
53 144 8
53 148 7
53 150 4
53 152 63
53 153 17
53 154 66
53 155 4
53 156 29
53 157 19
53 159 91
53 160 88
53 163 78
53 166 64
53 167 95
53 171 18
53 174 32
53 176 16
53 177 98
53 179 47
53 181 88
53 184 35
53 185 38
53 191 24
53 192 29
53 194 61
53 195 90
53 200 56
54 57 43
54 58 71
54 62 10
54 64 21
54 65 38
54 66 40
54 68 53
54 70 76
54 72 76
54 73 45
54 74 44
54 75 36
54 80 66
54 82 32
54 83 80
54 84 65
54 88 72
54 89 28
54 90 53
54 94 84
54 96 63
54 97 59
54 98 59
54 103 9
54 107 60
54 109 55
54 111 30
54 112 48
54 113 41
54 114 22
54 120 43
54 121 19
54 125 70
54 129 80
54 130 75
54 131 23
54 132 88
54 139 68
54 143 87
54 145 82
54 147 100
54 149 56
54 151 83
54 153 73
54 154 39
54 155 12
54 156 81
54 159 62
54 162 59
54 171 25
54 173 70
54 174 18
54 176 25
54 178 55
54 180 98
54 185 23
54 186 7
54 189 27
54 194 2
54 197 20
54 200 32
55 56 3
55 59 74
55 63 8
55 65 37
55 67 44
55 69 7
55 72 58
55 75 55
55 76 80
55 79 62
55 82 61
55 83 28
55 86 73
55 89 27
55 90 9
55 92 34
55 93 19
55 100 58
55 101 70
55 105 100
55 107 96
55 110 83
55 111 54
55 113 11
55 114 69
55 115 33
55 116 55
55 117 33
55 119 43
55 121 91
55 122 76
55 125 61
55 128 27
55 130 58
55 131 83
55 134 42
55 135 6
55 136 2
55 137 92
55 138 63
55 141 43
55 143 30
55 145 24
55 148 85
55 150 48
55 151 68
55 154 18
55 155 29
55 156 99
55 159 23
55 161 44
55 162 28
55 163 63
55 166 82
55 169 4
55 170 88
55 171 22
55 173 21
55 177 25
55 178 96
55 180 9
55 182 24
55 183 71
55 184 68
55 186 37
55 187 43
55 188 14
55 194 38
55 196 11
55 199 64
56 57 68
56 58 3
56 61 18
56 62 3
56 64 55
56 65 25
56 66 10
56 67 60
56 68 47
56 69 27
56 71 65
56 72 66
56 77 35
56 79 48
56 80 86
56 81 5
56 82 34
56 86 62
56 87 84
56 88 12
56 89 53
56 90 93
56 96 5
56 98 62
56 99 12
56 105 25
56 106 15
56 109 60
56 110 90
56 111 76
56 112 79
56 114 63
56 115 75
56 117 26
56 118 64
56 122 73
56 123 26
56 124 57
56 125 98
56 126 60
56 127 73
56 129 19
56 131 76
56 132 45
56 136 99
56 137 5
56 139 1
56 140 73
56 141 85
56 142 43
56 144 34
56 145 85
56 146 92
56 148 9
56 153 65
56 163 60
56 164 97
56 166 85
56 168 71
56 170 61
56 171 30
56 174 54
56 178 58
56 180 87
56 183 91
56 184 86
56 185 88
56 190 93
56 192 65
56 199 31
56 200 58
57 58 60
57 59 33
57 61 89
57 62 4
57 65 80
57 66 56
57 67 29
57 68 79
57 70 67
57 71 83
57 72 3
57 74 89
57 78 75
57 79 70
57 84 41
57 85 28
57 87 40
57 88 100
57 90 39
57 91 10
57 92 30
57 96 93
57 98 5
57 100 52
57 103 58
57 106 19
57 111 93
57 112 21
57 113 23
57 116 6
57 118 92
57 119 90
57 122 77
57 125 65
57 126 39
57 127 82
57 130 42
57 131 37
57 136 85
57 137 96
57 138 73
57 141 69
57 142 95
57 144 44
57 146 39
57 147 79
57 149 8
57 151 79
57 153 46
57 154 64
57 156 38
57 157 35
57 160 89
57 161 42
57 164 1
57 168 17
57 171 1
57 173 69
57 174 56
57 175 30
57 176 33
57 178 86
57 180 58
57 183 31
57 184 5
57 185 86
57 186 91
57 187 82
57 188 39
57 189 58
57 190 11
57 191 91
57 192 9
57 193 40
57 194 1
57 195 20
57 197 42
57 198 67
58 59 51
58 60 37
58 62 15
58 64 76
58 65 76
58 70 69
58 71 31
58 72 32
58 74 95
58 76 85
58 78 36
58 80 50
58 81 97
58 84 2
58 86 9
58 87 57
58 89 26
58 92 30
58 94 29
58 100 98
58 102 20
58 105 39
58 106 88
58 111 3
58 112 29
58 113 55
58 115 36
58 117 76
58 119 56
58 121 86
58 128 2
58 130 69
58 131 29
58 132 28
58 135 100
58 138 35
58 139 68
58 142 53
58 143 84
58 144 61
58 145 28
58 147 59
58 148 11
58 159 58
58 160 2
58 162 66
58 163 89
58 165 39
58 166 28
58 167 72
58 172 72
58 174 61
58 175 30
58 177 63
58 178 79
58 184 87
58 185 72
58 186 24
58 187 60
58 189 9
58 190 92
58 195 2
58 197 87
58 199 15
59 64 97
59 65 38
59 69 77
59 70 41
59 73 71
59 76 93
59 79 54
59 80 86
59 81 44
59 83 11
59 85 77
59 87 7
59 88 28
59 91 21
59 92 80
59 93 95
59 95 22
59 97 44
59 98 56
59 99 55
59 101 31
59 102 79
59 108 4
59 109 31
59 114 11
59 115 55
59 118 53
59 119 31
59 121 23
59 122 86
59 124 26
59 131 78
59 135 34
59 137 54
59 138 27
59 139 13
59 140 47
59 142 21
59 146 46
59 147 27
59 150 45
59 152 27
59 155 22
59 156 85
59 157 5
59 158 42
59 159 92
59 161 66
59 162 40
59 165 55
59 171 86
59 173 99
59 178 31
59 179 68
59 182 84
59 183 49
59 184 12
59 187 85
59 188 63
59 189 80
59 191 81
59 193 4
59 194 41
59 195 44
59 197 14
59 198 4
59 199 57
60 62 28
60 63 42
60 66 6
60 71 100
60 73 80
60 74 66
60 78 66
60 81 5
60 84 84
60 85 7
60 87 19
60 93 4
60 94 15
60 96 54
60 98 2
60 102 56
60 103 34
60 104 51
60 108 22
60 109 25
60 110 2
60 113 54
60 114 72
60 116 23
60 118 46
60 119 18
60 120 68
60 121 79
60 123 28
60 126 40
60 127 50
60 129 50
60 131 70
60 132 99
60 138 88
60 139 16
60 140 19
60 141 52
60 142 23
60 143 22
60 146 7
60 150 16
60 153 48
60 154 44
60 155 85
60 156 43
60 159 93
60 160 36
60 161 25
60 162 70
60 166 93
60 167 100
60 169 64
60 173 79
60 174 20
60 175 31
60 177 38
60 180 11
60 185 37
60 189 44
60 191 62
60 192 65
60 196 2
60 198 81
60 199 9
61 62 72
61 66 95
61 68 20
61 70 35
61 72 9
61 73 9
61 75 74
61 76 97
61 79 88
61 80 98
61 81 18
61 82 58
61 84 52
61 86 70
61 88 69
61 92 39
61 94 29
61 95 44
61 97 2
61 100 54
61 102 69
61 104 77
61 105 74
61 106 72
61 108 46
61 110 27
61 112 92
61 113 39
61 115 52
61 121 81
61 122 62
61 123 22
61 124 33
61 125 55
61 127 64
61 128 24
61 130 17
61 131 75
61 133 22
61 135 96
61 138 86
61 139 26
61 146 41
61 148 84
61 149 8
61 150 66
61 152 63
61 153 46
61 155 88
61 156 99
61 157 36
61 158 15
61 160 32
61 161 32
61 162 62
61 165 81
61 168 81
61 169 67
61 171 88
61 172 24
61 173 19
61 174 82
61 176 87
61 177 18
61 181 95
61 182 100
61 186 10
61 188 73
61 189 84
61 190 29
61 193 20
61 195 70
61 196 75
62 64 82
62 65 11
62 68 99
62 71 11
62 72 28
62 73 77
62 74 60
62 76 83
62 78 85
62 79 14
62 80 64
62 81 39
62 82 3
62 83 52
62 85 35
62 87 2
62 90 33
62 92 31
62 98 94
62 99 20
62 101 100
62 102 43
62 103 48
62 104 85
62 105 42
62 106 16
62 108 21
62 109 52
62 111 37
62 112 20
62 114 82
62 116 46
62 118 48
62 120 98
62 121 64
62 122 89
62 124 63
62 126 28
62 127 89
62 129 6
62 130 40
62 134 94
62 135 13
62 136 94
62 139 74
62 141 26
62 144 87
62 147 67
62 148 78
62 150 5
62 151 67
62 152 26
62 153 39
62 155 27
62 157 53
62 158 35
62 162 17
62 165 44
62 166 7
62 168 27
62 170 40
62 176 85
62 181 70
62 182 16
62 183 33
62 185 62
62 186 48
62 188 36
62 189 70
62 190 63
62 192 58
62 195 82
62 196 22
62 199 42
62 200 40
63 65 94
63 66 3
63 74 75
63 75 45
63 77 37
63 78 24
63 79 96
63 83 61
63 84 28
63 86 46
63 87 33
63 90 84
63 91 63
63 93 62
63 94 17
63 97 20
63 101 34
63 105 10
63 106 3
63 107 88
63 110 77
63 114 48
63 116 89
63 117 81
63 120 15
63 122 47
63 123 66
63 125 84
63 126 38
63 129 70
63 131 5
63 132 98
63 134 26
63 137 51
63 139 25
63 142 22
63 143 40
63 145 89
63 148 94
63 150 81
63 151 66
63 152 39
63 154 25
63 155 12
63 157 19
63 158 63
63 160 19
63 161 46
63 162 3
63 165 79
63 166 35
63 167 81
63 168 3
63 169 13
63 170 73
63 172 7
63 174 96
63 176 67
63 178 2
63 179 28
63 183 71
63 184 63
63 185 31
63 186 97
63 187 67
63 191 93
63 194 66
63 195 32
63 197 42
63 198 95
63 199 26
64 65 20
64 66 42
64 69 89
64 70 27
64 71 20
64 72 43
64 73 20
64 74 63
64 76 13
64 78 14
64 79 96
64 80 29
64 82 75
64 84 63
64 85 27
64 86 68
64 87 27
64 90 5
64 92 65
64 93 17
64 94 49
64 98 73
64 100 24
64 103 54
64 104 31
64 107 65
64 109 49
64 110 69
64 113 67
64 114 61
64 116 8
64 119 55
64 120 30
64 123 87
64 127 43
64 132 8
64 136 42
64 140 33
64 141 13
64 143 22
64 144 21
64 145 59
64 146 81
64 147 42
64 148 13
64 149 53
64 152 70
64 153 89
64 154 50
64 155 1
64 157 43
64 161 70
64 162 23
64 163 1
64 164 90
64 165 30
64 169 28
64 173 85
64 174 79
64 175 31
64 176 98
64 177 50
64 178 75
64 181 97
64 182 91
64 183 91
64 184 47
64 185 48
64 187 43
64 190 66
64 194 24
64 195 79
64 197 97
64 200 78
65 66 35
65 70 93
65 71 12
65 77 23
65 80 23
65 82 8
65 83 4
65 85 22
65 87 72
65 89 89
65 90 72
65 92 86
65 95 32
65 96 89
65 97 78
65 98 52
65 99 70
65 100 46
65 102 3
65 105 73
65 106 36
65 107 66
65 108 17
65 110 44
65 115 42
65 116 5
65 117 80
65 118 28
65 119 19
65 121 39
65 122 49
65 124 89
65 126 24
65 127 28
65 128 62
65 129 50
65 132 100
65 136 76
65 137 54
65 138 8
65 141 61
65 142 92
65 145 47
65 147 24
65 148 85
65 150 30
65 151 49
65 154 49
65 155 50
65 159 1
65 160 65
65 163 20
65 164 6
65 168 80
65 170 86
65 172 36
65 175 21
65 176 35
65 180 22
65 183 79
65 184 55
65 185 1
65 188 82
65 193 54
65 195 35
65 196 75
65 198 91
65 199 45
66 68 57
66 69 21
66 71 34
66 74 94
66 76 43
66 79 94
66 80 45
66 81 3
66 84 46
66 85 2
66 86 39
66 88 54
66 92 88
66 93 12
66 94 45
66 96 90
66 98 32
66 102 18
66 106 52
66 107 95
66 108 86
66 110 24
66 111 62
66 113 84
66 116 7
66 117 18
66 120 58
66 123 53
66 124 28
66 126 31
66 127 23
66 128 21
66 130 88
66 131 16
66 132 94
66 133 7
66 135 45
66 136 9
66 138 88
66 139 32
66 145 17
66 147 17
66 150 8
66 151 82
66 152 54
66 154 12
66 156 1
66 158 22
66 161 66
66 162 17
66 163 75
66 165 1
66 167 40
66 168 38
66 169 57
66 170 93
66 171 79
66 172 64
66 176 48
66 178 18
66 183 60
66 184 38
66 185 51
66 187 6
66 188 46
66 189 60
66 190 18
66 191 64
66 195 26
66 196 81
66 198 28
66 199 27
67 71 23
67 72 45
67 74 81
67 78 19
67 81 11
67 83 7
67 84 67
67 86 74
67 90 14
67 92 42
67 95 68
67 96 14
67 101 97
67 103 28
67 105 63
67 108 44
67 109 9
67 110 88
67 111 79
67 114 47
67 115 90
67 116 61
67 117 26
67 119 73
67 120 73
67 121 2
67 126 8
67 127 42
67 128 33
67 129 99
67 133 37
67 134 62
67 137 21
67 140 3
67 146 3
67 147 52
67 148 62
67 150 7
67 155 65
67 158 3
67 159 72
67 160 73
67 162 68
67 163 78
67 164 43
67 168 32
67 172 43
67 176 10
67 177 49
67 179 43
67 180 71
67 182 26
67 184 61
67 185 25
67 186 89
67 187 71
67 188 25
67 189 19
67 193 24
67 194 54
67 196 91
67 199 4
68 69 46
68 71 93
68 73 64
68 74 24
68 75 21
68 76 44
68 77 64
68 80 32
68 82 3
68 83 56
68 84 44
68 85 76
68 87 66
68 89 11
68 90 19
68 91 74
68 93 61
68 95 47
68 96 33
68 100 92
68 101 19
68 103 50
68 106 13
68 109 13
68 111 28
68 112 19
68 113 10
68 114 24
68 116 75
68 118 53
68 119 30
68 120 80
68 121 21
68 124 15
68 128 16
68 130 74
68 133 5
68 135 81
68 136 56
68 138 12
68 139 17
68 140 62
68 142 50
68 144 29
68 146 62
68 147 99
68 151 41
68 153 90
68 158 37
68 159 77
68 160 82
68 162 27
68 163 84
68 164 32
68 167 93
68 174 84
68 180 55
68 181 68
68 182 67
68 184 55
68 186 82
68 189 97
68 190 24
68 191 15
68 192 59
68 195 18
68 196 18
68 197 69
68 198 59
68 199 29
68 200 92
69 70 68
69 71 11
69 73 38
69 75 73
69 77 49
69 78 12
69 79 68
69 80 78
69 82 69
69 83 15
69 87 32
69 88 59
69 90 23
69 92 90
69 94 34
69 96 78
69 98 8
69 100 55
69 104 21
69 108 93
69 109 17
69 114 72
69 119 63
69 120 79
69 121 48
69 122 74
69 123 13
69 124 47
69 125 18
69 126 22
69 128 12
69 130 28
69 132 40
69 133 77
69 134 50
69 135 7
69 137 21
69 139 37
69 144 27
69 147 25
69 151 87
69 152 28
69 154 56
69 155 43
69 156 68
69 158 13
69 159 67
69 160 91
69 161 7
69 162 93
69 164 97
69 165 18
69 169 86
69 170 10
69 172 83
69 176 49
69 178 71
69 179 44
69 180 60
69 181 77
69 182 21
69 183 81
69 185 37
69 186 88
69 187 19
69 188 59
69 189 78
69 192 70
69 194 45
69 196 22
69 197 35
69 198 91
70 71 20
70 73 67
70 74 18
70 75 31
70 76 96
70 78 37
70 79 28
70 80 41
70 82 29
70 83 67
70 85 92
70 86 36
70 88 6
70 90 76
70 97 25
70 98 55
70 101 75
70 102 47
70 103 26
70 104 26
70 107 96
70 108 65
70 109 40
70 110 30
70 112 84
70 113 82
70 114 80
70 115 96
70 117 65
70 120 16
70 121 82
70 122 36
70 124 94
70 125 47
70 127 46
70 129 52
70 130 95
70 134 100
70 135 54
70 136 53
70 137 91
70 139 51
70 140 87
70 141 84
70 143 52
70 145 58
70 146 83
70 147 98
70 152 16
70 156 57
70 157 72
70 158 46
70 160 26
70 161 84
70 162 69
70 163 71
70 165 89
70 166 38
70 168 90
70 172 63
70 175 62
70 176 36
70 181 9
70 182 51
70 183 41
70 187 68
70 189 15
70 195 5
70 196 8
71 74 40
71 75 96
71 76 83
71 77 30
71 78 98
71 81 3
71 82 92
71 83 19
71 85 15
71 86 42
71 88 71
71 89 59
71 91 60
71 93 2
71 94 51
71 95 12
71 96 12
71 97 69
71 98 5
71 102 4
71 103 87
71 105 14
71 106 54
71 108 23
71 109 8
71 110 16
71 111 32
71 114 8
71 115 93
71 116 78
71 117 23
71 118 53
71 120 82
71 123 72
71 124 17
71 128 50
71 129 59
71 130 100
71 131 98
71 133 22
71 134 18
71 137 34
71 139 51
71 140 61
71 141 25
71 142 55
71 143 91
71 146 98
71 148 68
71 149 6
71 150 43
71 153 6
71 154 85
71 155 33
71 156 11
71 158 34
71 159 54
71 163 13
71 164 22
71 165 89
71 167 16
71 168 20
71 169 65
71 170 77
71 171 67
71 172 16
71 174 66
71 175 16
71 178 59
71 179 93
71 180 56
71 185 23
71 186 92
71 189 40
71 190 5
71 192 83
71 196 3
71 198 70
71 200 25
72 75 10
72 77 93
72 78 66
72 81 35
72 84 98
72 86 77
72 87 3
72 92 63
72 96 46
72 98 40
72 102 91
72 103 42
72 105 43
72 107 8
72 111 40
72 113 54
72 114 2
72 115 88
72 116 75
72 119 22
72 120 33
72 122 80
72 123 17
72 125 96
72 127 73
72 129 52
72 131 85
72 134 86
72 140 90
72 141 28
72 148 20
72 149 8
72 151 40
72 152 17
72 153 51
72 155 11
72 156 99
72 158 6
72 159 22
72 161 71
72 162 12
72 163 4
72 164 34
72 165 58
72 167 19
72 168 20
72 171 26
72 172 70
72 176 9
72 178 15
72 181 78
72 182 48
72 183 78
72 184 100
72 185 38
72 187 42
72 190 12
72 191 48
72 192 8
72 194 52
72 195 23
72 196 82
72 200 85
73 74 61
73 76 100
73 79 79
73 80 44
73 81 98
73 82 39
73 83 37
73 86 9
73 88 31
73 89 83
73 90 76
73 92 16
73 94 10
73 95 72
73 97 63
73 98 55
73 101 49
73 102 79
73 103 73
73 104 100
73 106 63
73 113 1
73 115 23
73 116 48
73 117 58
73 118 39
73 120 37
73 121 49
73 123 63
73 124 14
73 129 88
73 130 6
73 131 32
73 132 33
73 135 50
73 136 38
73 140 49
73 141 49
73 145 76
73 147 39
73 149 23
73 150 44
73 154 89
73 159 74
73 161 33
73 163 33
73 165 24
73 168 80
73 169 27
73 171 32
73 173 60
73 174 80
73 175 70
73 176 94
73 177 35
73 178 82
73 179 89
73 180 55
73 184 17
73 187 100
73 189 11
73 193 85
73 194 33
73 196 50
73 197 44
74 75 83
74 76 47
74 77 94
74 78 58
74 80 55
74 81 57
74 83 12
74 84 86
74 85 38
74 86 46
74 87 18
74 88 71
74 89 9
74 90 89
74 91 3
74 92 4
74 94 49
74 95 62
74 96 29
74 98 3
74 99 99
74 102 89
74 104 84
74 105 19
74 109 39
74 113 11
74 114 15
74 115 46
74 118 37
74 119 51
74 122 10
74 123 40
74 124 55
74 128 24
74 129 55
74 131 67
74 134 16
74 136 97
74 139 28
74 140 40
74 142 98
74 143 69
74 144 55
74 146 42
74 147 33
74 150 24
74 151 57
74 154 58
74 156 81
74 157 9
74 163 79
74 164 49
74 168 92
74 169 7
74 173 49
74 175 11
74 176 70
74 177 88
74 179 45
74 180 50
74 181 82
74 182 65
74 183 2
74 187 84
74 189 90
74 191 24
74 194 85
75 76 63
75 77 79
75 78 71
75 79 26
75 81 58
75 83 26
75 86 1
75 89 15
75 90 53
75 94 91
75 96 99
75 97 21
75 101 32
75 105 92
75 109 52
75 111 83
75 113 91
75 114 72
75 115 55
75 117 90
75 119 28
75 120 88
75 121 9
75 124 81
75 125 51
75 126 77
75 127 21
75 128 91
75 129 89
75 130 55
75 134 20
75 137 51
75 138 88
75 139 21
75 140 13
75 143 52
75 144 54
75 145 19
75 146 69
75 147 61
75 150 14
75 151 65
75 153 34
75 154 89
75 160 81
75 164 51
75 166 95
75 169 84
75 172 15
75 173 65
75 175 68
75 176 47
75 177 8
75 178 59
75 180 33
75 183 97
75 186 13
75 190 51
75 191 89
75 192 85
75 193 19
75 194 57
75 196 38
75 199 30
75 200 79
76 78 43
76 80 45
76 82 23
76 84 92
76 87 98
76 89 77
76 92 82
76 94 12
76 95 54
76 96 70
76 100 45
76 101 36
76 102 33
76 103 32
76 104 40
76 108 17
76 109 93
76 111 97
76 112 43
76 115 76
76 118 46
76 120 14
76 122 19
76 124 93
76 128 69
76 130 6
76 131 46
76 135 77
76 136 79
76 137 9
76 138 34
76 139 30
76 142 60
76 144 34
76 149 76
76 151 58
76 153 58
76 154 73
76 156 40
76 157 99
76 158 35
76 160 84
76 161 26
76 162 59
76 163 14
76 164 49
76 166 60
76 167 81
76 168 69
76 170 36
76 173 20
76 174 37
76 178 29
76 180 60
76 182 38
76 183 65
76 184 34
76 185 56
76 186 12
76 188 43
76 190 59
76 191 8
76 194 25
76 195 4
76 196 82
77 81 82
77 83 98
77 85 6
77 86 67
77 87 23
77 89 48
77 91 64
77 92 95
77 93 93
77 96 16
77 98 71
77 99 40
77 100 52
77 101 61
77 102 23
77 103 7
77 104 25
77 105 42
77 109 81
77 110 93
77 111 1
77 112 55
77 113 24
77 114 74
77 116 37
77 117 70
77 118 52
77 119 99
77 120 82
77 122 45
77 125 23
77 126 10
77 127 35
77 128 67
77 130 69
77 131 100
77 133 100
77 134 93
77 137 44
77 138 94
77 139 77
77 141 8
77 142 38
77 144 45
77 146 37
77 153 80
77 155 75
77 156 66
77 157 67
77 159 11
77 160 25
77 161 19
77 163 16
77 165 32
77 170 98
77 171 85
77 172 96
77 176 45
77 177 94
77 178 69
77 179 55
77 180 52
77 182 69
77 184 87
77 188 32
77 189 49
77 190 29
77 195 13
77 199 23
77 200 80
78 81 88
78 84 22
78 86 44
78 90 55
78 92 60
78 93 51
78 94 37
78 97 26
78 98 53
78 100 88
78 102 36
78 104 14
78 105 64
78 107 9
78 111 15
78 112 81
78 115 1
78 118 80
78 123 73
78 124 25
78 125 8
78 126 49
78 127 1
78 132 63
78 135 52
78 136 50
78 137 36
78 140 15
78 142 47
78 144 34
78 145 36
78 147 6
78 148 17
78 149 61
78 151 65
78 153 26
78 154 91
78 155 41
78 158 59
78 159 88
78 160 85
78 161 10
78 163 43
78 165 64
78 168 52
78 169 3
78 170 76
78 172 89
78 173 81
78 177 23
78 178 75
78 179 99
78 184 18
78 188 74
78 189 58
78 191 27
78 192 9
78 193 63
78 194 46
78 195 77
78 198 76
78 199 2
78 200 61
79 80 96
79 81 9
79 85 46
79 87 27
79 91 71
79 92 86
79 98 80
79 99 2
79 100 38
79 101 1
79 102 96
79 106 34
79 107 33
79 109 32
79 110 96
79 114 22
79 116 87
79 117 43
79 118 90
79 120 50
79 121 93
79 123 63
79 124 14
79 125 57
79 128 100
79 130 64
79 131 76
79 132 36
79 133 46
79 134 48
79 135 27
79 144 98
79 146 65
79 147 77
79 150 76
79 151 27
79 152 26
79 153 66
79 156 39
79 157 22
79 158 37
79 160 84
79 163 19
79 166 80
79 169 93
79 170 90
79 171 62
79 172 1
79 173 14
79 174 49
79 175 94
79 176 37
79 179 26
79 180 61
79 187 22
79 190 35
79 194 10
79 196 62
79 197 31
79 198 68
79 200 68
80 83 15
80 84 34
80 86 20
80 87 54
80 89 14
80 90 74
80 92 70
80 93 64
80 94 42
80 95 66
80 97 96
80 98 100
80 103 24
80 104 30
80 110 10
80 111 49
80 112 51
80 115 45
80 118 24
80 119 39
80 120 31
80 121 39
80 122 10
80 124 23
80 125 78
80 126 85
80 127 22
80 128 59
80 130 49
80 132 40
80 134 12
80 135 47
80 136 64
80 140 46
80 141 77
80 143 4
80 144 77
80 145 18
80 146 82
80 147 9
80 148 3
80 149 34
80 150 82
80 151 16
80 153 81
80 154 62
80 155 94
80 156 49
80 160 34
80 161 82
80 162 33
80 165 69
80 168 79
80 170 43
80 173 82
80 176 58
80 179 40
80 180 94
80 182 52
80 183 78
80 184 11
80 185 82
80 186 33
80 188 34
80 189 43
80 190 70
80 192 35
80 194 28
80 195 81
80 197 3
80 199 82
81 83 66
81 88 87
81 89 43
81 90 48
81 91 21
81 92 7
81 94 37
81 96 66
81 97 97
81 99 61
81 100 55
81 101 28
81 106 9
81 107 45
81 109 99
81 111 24
81 112 36
81 113 57
81 114 19
81 116 4
81 118 83
81 119 13
81 120 97
81 121 100
81 122 68
81 123 95
81 125 41
81 127 34
81 132 8
81 134 94
81 137 23
81 141 77
81 144 19
81 147 35
81 148 39
81 151 5
81 153 39
81 154 29
81 155 12
81 156 23
81 157 17
81 162 79
81 166 100
81 167 15
81 171 20
81 173 66
81 175 55
81 176 73
81 178 99
81 179 69
81 181 43
81 182 51
81 183 28
81 186 82
81 187 51
81 190 79
81 192 39
81 193 77
81 195 98
81 196 77
81 197 97
81 198 17
82 83 30
82 84 53
82 85 7
82 88 62
82 91 84
82 92 100
82 93 11
82 94 39
82 96 36
82 101 58
82 102 6
82 104 11
82 105 47
82 106 24
82 109 71
82 111 87
82 113 36
82 115 44
82 116 26
82 117 52
82 118 18
82 120 6
82 122 94
82 125 19
82 126 65
82 128 32
82 129 64
82 131 61
82 132 81
82 137 21
82 142 8
82 143 6
82 144 60
82 145 51
82 146 30
82 148 96
82 149 85
82 150 32
82 151 8
82 152 79
82 155 48
82 156 25
82 158 95
82 160 81
82 161 100
82 163 47
82 166 84
82 167 16
82 169 3
82 173 86
82 175 1
82 177 86
82 179 3
82 181 88
82 182 96
82 184 54
82 185 43
82 186 21
82 187 42
82 188 54
82 193 36
82 194 71
82 196 94
82 199 68
82 200 90
83 85 89
83 87 39
83 89 84
83 92 58
83 93 28
83 96 7
83 98 92
83 100 96
83 102 80
83 105 49
83 106 75
83 108 95
83 110 94
83 111 33
83 112 57
83 114 88
83 115 93
83 116 9
83 117 60
83 118 84
83 120 97
83 121 45
83 122 96
83 124 97
83 125 65
83 130 39
83 133 92
83 134 48
83 135 57
83 136 32
83 141 48
83 142 62
83 143 10
83 145 61
83 148 52
83 149 72
83 150 89
83 152 24
83 153 56
83 157 8
83 161 11
83 163 56
83 169 100
83 171 15
83 172 76
83 174 68
83 175 97
83 176 14
83 177 13
83 179 92
83 180 54
83 183 64
83 185 22
83 187 1
83 188 88
83 190 8
83 191 25
83 195 4
83 197 58
83 198 8
84 85 97
84 86 56
84 87 78
84 88 83
84 91 32
84 97 91
84 98 100
84 99 54
84 101 36
84 102 62
84 103 25
84 104 43
84 106 32
84 109 63
84 112 80
84 113 66
84 115 10
84 117 8
84 118 46
84 119 96
84 120 72
84 121 47
84 122 31
84 126 62
84 129 97
84 130 59
84 136 14
84 137 65
84 141 33
84 142 83
84 144 19
84 145 71
84 147 53
84 148 15
84 149 73
84 151 15
84 154 34
84 157 17
84 159 21
84 160 5
84 161 65
84 162 73
84 164 33
84 166 19
84 167 22
84 168 83
84 169 89
84 175 1
84 177 14
84 178 55
84 180 34
84 182 32
84 184 97
84 185 76
84 187 5
84 189 2
84 190 41
84 191 51
84 192 11
84 193 65
84 196 27
84 197 14
84 200 61
85 86 16
85 89 27
85 101 96
85 103 29
85 107 32
85 108 10
85 109 87
85 111 12
85 113 67
85 114 86
85 115 94
85 123 15
85 125 16
85 126 39
85 127 58
85 128 81
85 131 2
85 132 96
85 133 75
85 136 73
85 137 29
85 142 44
85 144 18
85 146 89
85 147 68
85 148 8
85 151 10
85 152 87
85 153 16
85 154 42
85 155 16
85 156 95
85 157 40
85 158 25
85 159 82
85 164 51
85 165 78
85 167 43
85 168 32
85 173 7
85 175 70
85 180 67
85 184 8
85 186 27
85 188 10
85 190 10
85 193 6
85 194 21
85 195 37
85 196 19
85 200 81
86 88 53
86 92 80
86 93 43
86 96 22
86 97 15
86 99 61
86 102 7
86 104 33
86 106 94
86 109 15
86 111 46
86 114 35
86 118 62
86 121 83
86 122 84
86 123 29
86 127 6
86 129 69
86 130 41
86 133 80
86 134 50
86 135 3
86 137 66
86 139 79
86 140 36
86 143 84
86 144 100
86 147 76
86 148 48
86 149 96
86 150 9
86 151 85
86 154 29
86 157 11
86 160 60
86 162 45
86 164 63
86 166 54
86 168 12
86 174 35
86 176 11
86 177 88
86 180 40
86 182 36
86 184 33
86 185 80
86 186 37
86 187 25
86 189 60
86 190 74
86 192 31
86 193 98
86 195 100
86 196 79
86 197 46
86 198 82
87 89 82
87 98 99
87 99 36
87 102 23
87 103 84
87 105 60
87 111 1
87 112 94
87 113 12
87 114 23
87 115 70
87 117 97
87 119 68
87 120 95
87 125 2
87 126 82
87 127 5
87 129 5
87 130 58
87 131 41
87 132 84
87 133 55
87 134 16
87 137 24
87 138 78
87 139 77
87 140 26
87 143 17
87 144 16
87 146 46
87 147 97
87 149 72
87 152 67
87 155 60
87 156 97
87 157 92
87 159 31
87 161 53
87 162 54
87 166 63
87 167 65
87 170 71
87 171 19
87 172 62
87 173 67
87 176 19
87 177 36
87 178 9
87 180 33
87 181 94
87 182 16
87 183 46
87 184 21
87 185 13
87 187 21
87 189 84
87 190 22
87 191 53
87 193 72
87 194 40
87 195 65
87 196 79
88 89 47
88 91 46
88 93 43
88 98 6
88 100 100
88 103 100
88 104 43
88 105 17
88 106 53
88 107 92
88 108 2
88 109 57
88 110 47
88 112 79
88 113 4
88 116 40
88 119 6
88 125 27
88 127 50
88 128 67
88 129 99
88 130 46
88 131 2
88 134 16
88 141 90
88 145 28
88 147 23
88 148 54
88 151 60
88 152 7
88 153 85
88 155 61
88 156 57
88 163 71
88 165 18
88 169 69
88 170 60
88 172 65
88 175 100
88 177 11
88 181 92
88 183 89
88 184 94
88 185 64
88 187 60
88 189 89
88 190 8
88 191 30
88 194 18
88 195 12
88 198 54
88 199 4
88 200 78
89 90 20
89 91 28
89 92 63
89 93 77
89 97 95
89 101 50
89 102 30
89 103 24
89 105 72
89 107 7
89 109 92
89 114 20
89 115 82
89 117 44
89 119 24
89 122 36
89 124 78
89 125 8
89 135 67
89 136 76
89 137 98
89 140 27
89 141 64
89 148 92
89 151 95
89 152 26
89 153 73
89 154 99
89 155 45
89 159 32
89 161 72
89 162 20
89 164 13
89 167 11
89 168 78
89 170 24
89 171 72
89 174 30
89 178 11
89 181 75
89 183 77
89 184 100
89 185 99
89 188 48
89 190 67
89 191 10
89 194 99
89 196 10
89 197 42
89 199 44
89 200 94
90 91 6
90 95 53
90 100 56
90 103 25
90 104 91
90 107 9
90 108 95
90 111 70
90 112 24
90 113 76
90 115 67
90 121 44
90 123 17
90 125 25
90 126 66
90 129 75
90 130 64
90 132 59
90 133 23
90 134 47
90 137 97
90 138 6
90 141 19
90 144 91
90 145 2
90 147 34
90 148 11
90 149 39
90 150 69
90 151 13
90 153 29
90 154 16
90 155 92
90 162 53
90 164 78
90 166 67
90 167 57
90 168 100
90 172 16
90 174 82
90 175 77
90 176 51
90 178 48
90 180 88
90 181 76
90 183 47
90 185 45
90 186 27
90 187 95
90 188 70
90 190 94
90 191 41
90 193 10
90 194 18
90 196 68
91 92 20
91 94 15
91 95 71
91 96 9
91 97 77
91 100 80
91 105 16
91 109 4
91 110 22
91 111 3
91 114 6
91 115 35
91 118 24
91 121 67
91 123 26
91 124 59
91 129 45
91 131 39
91 132 59
91 133 18
91 134 29
91 137 99
91 138 76
91 139 45
91 142 49
91 143 16
91 144 86
91 147 52
91 150 48
91 151 46
91 152 75
91 154 95
91 155 84
91 156 78
91 157 42
91 158 33
91 164 86
91 166 20
91 168 71
91 169 84
91 170 16
91 171 50
91 172 71
91 173 59
91 174 55
91 175 22
91 176 10
91 178 74
91 179 50
91 181 94
91 185 21
91 191 55
91 192 48
91 193 66
91 195 60
91 196 15
92 96 32
92 101 28
92 102 71
92 103 3
92 105 80
92 106 43
92 111 31
92 112 82
92 114 66
92 118 5
92 122 88
92 123 39
92 125 18
92 126 100
92 130 37
92 131 93
92 133 90
92 136 75
92 137 97
92 138 7
92 139 85
92 141 42
92 142 20
92 145 50
92 147 83
92 150 81
92 153 66
92 155 80
92 156 92
92 159 50
92 160 52
92 163 45
92 164 95
92 165 45
92 167 48
92 169 62
92 170 87
92 171 77
92 174 78
92 176 79
92 180 75
92 182 14
92 183 67
92 184 61
92 186 81
92 187 98
92 188 13
92 192 47
92 195 66
92 196 20
92 197 23
92 198 51
93 95 93
93 96 50
93 97 52
93 100 61
93 102 81
93 105 93
93 106 89
93 108 51
93 111 9
93 113 46
93 114 58
93 115 19
93 118 61
93 119 40
93 121 84
93 122 37
93 124 91
93 125 29
93 128 12
93 129 40
93 137 48
93 139 77
93 140 27
93 141 25
93 143 83
93 147 22
93 149 63
93 150 5
93 152 35
93 153 72
93 157 87
93 158 3
93 160 32
93 164 85
93 166 79
93 167 64
93 168 15
93 174 55
93 176 28
93 178 66
93 179 75
93 182 35
93 185 78
93 186 34
93 187 72
93 188 83
93 194 56
93 195 2
93 196 19
93 198 64
94 95 71
94 100 100
94 102 62
94 104 22
94 107 47
94 109 3
94 110 69
94 114 12
94 115 55
94 116 70
94 118 3
94 119 32
94 120 33
94 121 76
94 122 92
94 123 20
94 125 28
94 127 52
94 128 4
94 135 31
94 137 64
94 138 52
94 140 39
94 142 38
94 144 74
94 146 95
94 148 3
94 149 93
94 150 19
94 153 54
94 154 40
94 155 21
94 156 44
94 157 13
94 160 63
94 162 6
94 163 26
94 164 8
94 165 22
94 166 53
94 171 71
94 173 32
94 178 72
94 180 92
94 185 93
94 186 25
94 190 77
94 192 42
94 194 75
94 195 63
94 197 99
94 198 44
94 200 88
95 96 23
95 97 49
95 98 59
95 103 78
95 104 72
95 106 27
95 108 5
95 110 86
95 112 69
95 114 100
95 115 20
95 119 24
95 122 39
95 125 97
95 126 84
95 132 88
95 136 3
95 137 19
95 139 27
95 142 17
95 144 16
95 145 84
95 146 9
95 147 15
95 148 16
95 151 91
95 153 51
95 154 41
95 156 72
95 157 1
95 158 60
95 160 76
95 161 56
95 162 43
95 163 11
95 165 49
95 166 95
95 169 45
95 170 72
95 171 86
95 172 36
95 176 33
95 178 69
95 183 21
95 185 65
95 189 62
95 191 6
95 192 85
95 197 65
95 198 53
95 199 85
96 97 64
96 99 8
96 100 86
96 101 2
96 102 68
96 104 39
96 105 99
96 108 97
96 110 93
96 111 31
96 112 99
96 113 95
96 115 88
96 117 15
96 118 34
96 119 15
96 120 92
96 121 38
96 122 43
96 123 29
96 124 50
96 125 95
96 127 79
96 132 6
96 134 34
96 137 93
96 139 34
96 141 53
96 142 48
96 150 12
96 156 90
96 157 49
96 161 11
96 162 71
96 164 34
96 165 24
96 167 72
96 168 55
96 169 99
96 171 96
96 177 33
96 180 39
96 181 53
96 183 13
96 184 54
96 187 50
96 188 80
96 189 38
96 190 29
96 191 83
96 193 22
96 194 92
96 195 32
96 196 56
96 197 12
96 198 46
97 98 52
97 101 64
97 102 16
97 105 89
97 106 17
97 107 19
97 109 99
97 110 41
97 114 35
97 118 1
97 119 25
97 124 67
97 125 17
97 128 77
97 132 76
97 137 49
97 138 88
97 139 10
97 143 99
97 144 85
97 146 76
97 147 34
97 148 58
97 150 87
97 152 93
97 153 8
97 156 81
97 157 100
97 158 53
97 159 96
97 162 69
97 163 90
97 166 65
97 168 45
97 170 71
97 171 89
97 172 15
97 173 35
97 179 34
97 180 94
97 182 51
97 186 33
97 188 98
97 190 90
97 191 27
97 192 43
97 194 16
97 196 6
97 197 25
97 198 62
97 200 27
98 99 71
98 101 82
98 102 43
98 110 59
98 111 53
98 113 89
98 114 37
98 115 79
98 116 44
98 118 75
98 121 75
98 122 58
98 125 71
98 126 90
98 130 85
98 131 30
98 132 99
98 133 92
98 134 8
98 138 64
98 139 80
98 140 59
98 141 74
98 144 27
98 147 94
98 148 78
98 149 54
98 150 59
98 152 97
98 153 71
98 154 84
98 157 28
98 160 35
98 162 79
98 164 44
98 165 51
98 166 56
98 167 56
98 168 83
98 169 91
98 170 21
98 171 73
98 172 11
98 174 76
98 175 93
98 176 20
98 177 12
98 178 75
98 179 82
98 181 21
98 182 23
98 183 44
98 185 1
98 190 1
98 193 53
98 196 94
98 200 87
99 100 64
99 102 33
99 104 76
99 106 38
99 108 18
99 109 80
99 110 54
99 113 64
99 114 42
99 116 38
99 117 9
99 120 99
99 121 100
99 122 83
99 123 55
99 124 38
99 125 85
99 127 86
99 128 77
99 129 32
99 130 27
99 132 2
99 134 14
99 137 68
99 138 79
99 144 24
99 147 66
99 151 37
99 153 25
99 156 65
99 159 26
99 160 9
99 161 90
99 162 56
99 164 40
99 166 17
99 168 53
99 170 66
99 171 74
99 174 9
99 175 40
99 176 69
99 177 22
99 181 91
99 183 19
99 185 27
99 186 9
99 187 82
99 189 10
99 193 60
99 194 37
99 195 35
99 196 37
99 198 88
100 101 83
100 103 92
100 105 38
100 107 99
100 108 89
100 110 85
100 111 46
100 114 32
100 117 83
100 120 25
100 121 23
100 122 61
100 123 1
100 124 17
100 125 59
100 126 17
100 128 33
100 129 84
100 131 91
100 136 11
100 137 6
100 140 65
100 141 66
100 143 40
100 144 28
100 147 58
100 148 60
100 150 12
100 151 39
100 153 20
100 155 46
100 157 50
100 158 92
100 160 59
100 162 56
100 163 34
100 165 13
100 169 3
100 170 2
100 172 48
100 173 23
100 174 44
100 175 23
100 177 38
100 178 88
100 181 5
100 182 86
100 183 23
100 185 67
100 188 32
100 190 8
100 191 37
100 192 39
100 193 34
100 195 24
100 197 48
100 198 7
100 200 66
101 102 97
101 103 61
101 105 19
101 106 85
101 108 53
101 110 98
101 112 7
101 113 33
101 114 38
101 117 30
101 119 31
101 120 5
101 121 75
101 122 24
101 123 40
101 124 27
101 126 87
101 127 96
101 128 61
101 129 7
101 130 96
101 131 25
101 133 91
101 134 57
101 138 86
101 139 81
101 140 35
101 142 24
101 144 53
101 147 64
101 148 7
101 149 59
101 151 60
101 152 92
101 153 4
101 156 50
101 157 77
101 159 7
101 161 92
101 163 26
101 164 20
101 165 87
101 166 85
101 171 97
101 174 86
101 175 100
101 177 86
101 178 10
101 179 58
101 180 75
101 182 69
101 184 30
101 185 56
101 188 33
101 189 85
101 190 19
101 192 71
101 194 35
101 195 1
101 196 37
101 198 48
101 200 93
102 104 59
102 105 42
102 106 59
102 107 51
102 108 47
102 112 76
102 113 83
102 114 57
102 117 66
102 120 86
102 121 82
102 122 21
102 123 81
102 125 15
102 136 35
102 138 55
102 139 14
102 141 5
102 142 62
102 145 79
102 146 37
102 149 34
102 152 44
102 155 79
102 157 80
102 158 88
102 161 74
102 162 83
102 163 78
102 164 66
102 168 67
102 171 4
102 172 30
102 173 84
102 176 69
102 178 90
102 179 68
102 180 4
102 183 59
102 184 2
102 188 94
102 190 57
102 191 66
102 195 86
102 199 94
103 104 26
103 106 57
103 108 49
103 112 14
103 114 79
103 118 47
103 122 38
103 124 66
103 125 37
103 130 5
103 131 82
103 133 67
103 134 80
103 135 85
103 141 28
103 143 8
103 145 56
103 148 62
103 153 12
103 155 58
103 156 70
103 162 44
103 163 56
103 164 19
103 166 36
103 168 76
103 174 16
103 175 86
103 179 82
103 181 22
103 183 13
103 185 60
103 186 86
103 187 15
103 189 97
103 191 65
103 195 15
103 196 40
103 200 21
104 106 20
104 108 24
104 110 33
104 112 71
104 115 80
104 117 62
104 118 1
104 120 2
104 122 30
104 127 25
104 128 48
104 132 36
104 133 51
104 137 99
104 138 29
104 139 44
104 146 36
104 147 33
104 149 83
104 150 75
104 151 40
104 154 94
104 156 83
104 158 83
104 159 8
104 160 90
104 162 53
104 166 92
104 167 76
104 169 48
104 170 88
104 172 29
104 173 30
104 174 42
104 175 71
104 176 71
104 177 54
104 178 14
104 179 49
104 180 16
104 186 78
104 187 49
104 191 37
104 193 89
104 196 84
104 197 59
104 198 59
104 199 4
105 109 37
105 110 25
105 113 3
105 115 70
105 117 94
105 118 63
105 119 94
105 121 14
105 124 5
105 129 49
105 131 59
105 133 33
105 134 40
105 135 6
105 139 45
105 141 40
105 143 61
105 144 90
105 145 41
105 147 27
105 148 87
105 149 44
105 153 93
105 155 90
105 156 27
105 158 82
105 159 74
105 163 76
105 164 89
105 165 75
105 166 14
105 168 51
105 171 39
105 172 11
105 173 80
105 175 49
105 178 56
105 179 54
105 180 88
105 181 80
105 183 93
105 184 11
105 185 57
105 186 21
105 188 59
105 189 4
105 191 31
105 193 100
105 196 39
105 198 23
106 109 69
106 110 41
106 111 78
106 112 45
106 113 4
106 114 37
106 118 34
106 122 34
106 123 18
106 124 80
106 130 85
106 132 40
106 134 88
106 135 36
106 136 60
106 137 85
106 138 24
106 141 51
106 142 26
106 147 25
106 148 86
106 154 93
106 155 2
106 157 43
106 158 97
106 159 80
106 162 22
106 163 13
106 164 87
106 166 70
106 167 67
106 170 41
106 172 18
106 173 57
106 174 14
106 175 3
106 176 3
106 177 64
106 180 5
106 181 85
106 184 84
106 186 69
106 187 91
106 189 74
106 190 55
106 191 92
106 192 53
106 193 39
106 195 9
106 196 33
106 198 26
106 200 95
107 111 50
107 113 79
107 114 52
107 116 78
107 117 19
107 119 97
107 120 60
107 122 2
107 123 86
107 124 7
107 127 72
107 128 28
107 129 15
107 130 53
107 131 49
107 133 10
107 134 40
107 136 28
107 140 77
107 141 18
107 143 97
107 146 84
107 148 1
107 149 14
107 150 60
107 152 34
107 153 68
107 154 73
107 155 73
107 156 73
107 161 79
107 163 59
107 166 45
107 167 13
107 170 90
107 171 5
107 172 37
107 175 17
107 177 68
107 178 37
107 179 45
107 182 34
107 186 62
107 188 63
107 189 37
107 191 41
107 194 41
107 196 79
107 198 47
108 112 18
108 115 2
108 119 77
108 120 17
108 121 25
108 123 68
108 128 4
108 129 73
108 131 19
108 132 86
108 133 38
108 135 64
108 136 50
108 137 43
108 138 92
108 141 50
108 143 35
108 145 81
108 146 60
108 150 17
108 153 67
108 155 33
108 156 77
108 159 54
108 161 30
108 162 99
108 164 27
108 165 79
108 168 88
108 169 33
108 170 2
108 176 96
108 177 17
108 178 41
108 179 74
108 181 64
108 182 17
108 183 87
108 186 90
108 189 43
108 190 23
108 191 52
108 192 72
108 194 76
108 198 8
108 199 47
108 200 94
109 115 4
109 119 59
109 120 2
109 122 55
109 123 82
109 125 29
109 128 98
109 132 57
109 133 67
109 135 41
109 136 69
109 141 19
109 143 60
109 145 9
109 149 68
109 150 66
109 154 98
109 156 31
109 157 48
109 158 50
109 159 17
109 160 62
109 162 49
109 165 28
109 167 20
109 169 60
109 173 47
109 176 60
109 178 49
109 179 97
109 183 76
109 184 31
109 185 49
109 186 79
109 187 50
109 188 66
109 189 55
109 192 26
109 193 86
109 194 27
109 195 45
109 196 11
109 197 99
110 112 9
110 114 84
110 116 12
110 118 69
110 121 10
110 126 35
110 127 49
110 128 17
110 130 43
110 133 17
110 135 51
110 137 81
110 138 44
110 139 3
110 141 5
110 143 23
110 144 42
110 145 66
110 146 88
110 148 53
110 149 83
110 150 93
110 151 88
110 152 18
110 153 79
110 156 73
110 157 20
110 159 91
110 166 47
110 168 32
110 169 12
110 170 54
110 171 47
110 172 85
110 173 13
110 176 35
110 179 73
110 180 44
110 181 82
110 183 60
110 185 59
110 186 85
110 189 36
110 190 37
110 191 66
110 195 15
110 196 19
110 197 90
110 199 29
111 112 10
111 113 83
111 114 22
111 116 84
111 121 10
111 122 96
111 127 7
111 128 9
111 130 5
111 131 25
111 132 1
111 140 8
111 141 25
111 142 66
111 145 9
111 146 85
111 148 40
111 149 9
111 150 58
111 152 73
111 154 29
111 155 34
111 157 78
111 158 66
111 159 81
111 160 33
111 162 44
111 163 77
111 165 65
111 166 14
111 167 26
111 170 73
111 174 39
111 175 44
111 176 97
111 178 1
111 179 93
111 188 65
111 189 65
111 190 15
111 191 98
111 193 53
111 196 50
111 199 4
112 114 98
112 116 91
112 118 26
112 120 80
112 123 95
112 127 99
112 128 29
112 130 35
112 131 28
112 132 93
112 133 89
112 134 29
112 136 2
112 139 69
112 142 37
112 143 29
112 144 29
112 145 24
112 147 79
112 149 100
112 155 10
112 156 18
112 157 25
112 158 43
112 159 13
112 160 88
112 168 99
112 169 37
112 170 72
112 171 29
112 172 18
112 173 34
112 176 11
112 177 23
112 178 48
112 180 16
112 181 61
112 182 54
112 183 41
112 184 69
112 187 19
112 191 6
112 193 13
112 194 62
112 197 26
112 198 9
112 199 25
112 200 53
113 114 40
113 115 64
113 116 24
113 117 50
113 118 95
113 121 64
113 123 20
113 126 82
113 130 2
113 134 11
113 136 22
113 137 54
113 138 76
113 140 76
113 141 90
113 142 4
113 143 10
113 144 14
113 145 45
113 146 15
113 147 2
113 148 76
113 149 94
113 150 7
113 153 5
113 154 94
113 156 61
113 158 87
113 159 8
113 160 82
113 161 76
113 162 46
113 164 89
113 166 84
113 170 91
113 171 28
113 173 34
113 174 93
113 176 4
113 177 23
113 178 92
113 179 5
113 182 43
113 184 55
113 187 64
113 188 2
113 189 92
113 190 62
113 196 73
114 115 98
114 117 8
114 119 3
114 120 6
114 121 76
114 122 9
114 123 12
114 126 81
114 128 57
114 129 51
114 135 58
114 136 14
114 138 63
114 139 12
114 140 79
114 144 74
114 149 90
114 150 42
114 151 11
114 157 54
114 158 82
114 159 20
114 160 99
114 162 61
114 163 29
114 165 85
114 167 75
114 170 100
114 172 36
114 175 67
114 176 43
114 178 89
114 183 68
114 184 51
114 188 31
114 193 18
114 196 24
114 198 20
114 199 32
115 116 79
115 117 14
115 118 76
115 119 43
115 121 35
115 123 15
115 124 33
115 125 17
115 128 69
115 129 48
115 130 38
115 132 72
115 135 41
115 137 74
115 139 78
115 142 54
115 144 94
115 146 7
115 147 62
115 148 83
115 149 10
115 150 67
115 151 62
115 152 23
115 153 32
115 154 79
115 155 1
115 157 47
115 159 61
115 162 67
115 164 100
115 167 97
115 169 65
115 170 81
115 171 97
115 172 25
115 173 42
115 176 70
115 177 24
115 179 43
115 182 74
115 184 84
115 186 9
115 189 23
115 195 89
115 199 6
116 120 99
116 123 60
116 127 9
116 128 31
116 129 82
116 132 50
116 133 15
116 134 52
116 136 16
116 137 16
116 138 10
116 142 63
116 144 85
116 145 15
116 148 40
116 151 41
116 152 79
116 155 40
116 156 69
116 157 1
116 162 58
116 163 2
116 164 90
116 169 31
116 173 26
116 174 16
116 175 16
116 176 78
116 178 47
116 179 64
116 180 84
116 185 15
116 190 25
116 193 41
116 195 10
116 196 86
116 197 87
116 198 39
116 199 34
116 200 43
117 119 1
117 122 24
117 123 71
117 127 69
117 129 32
117 130 20
117 133 32
117 135 86
117 136 65
117 140 29
117 142 77
117 143 17
117 144 59
117 147 88
117 150 66
117 151 59
117 153 35
117 154 10
117 156 75
117 159 16
117 165 6
117 167 25
117 168 90
117 171 52
117 176 56
117 177 17
117 178 43
117 179 91
117 184 51
117 186 53
117 187 54
117 188 90
117 189 76
117 190 32
117 191 72
117 194 39
117 195 95
117 196 57
117 199 56
118 124 56
118 127 8
118 128 82
118 133 97
118 134 90
118 137 15
118 138 53
118 141 72
118 143 68
118 145 43
118 146 89
118 147 21
118 152 77
118 153 35
118 155 58
118 156 37
118 158 89
118 160 25
118 163 26
118 166 20
118 167 68
118 168 55
118 170 14
118 178 30
118 181 29
118 182 15
118 185 68
118 186 37
118 187 100
118 191 100
118 192 72
118 193 33
118 194 34
118 195 42
119 122 48
119 123 50
119 124 50
119 125 25
119 129 41
119 132 97
119 136 73
119 138 34
119 139 56
119 140 28
119 143 88
119 144 5
119 145 12
119 147 53
119 149 19
119 151 47
119 152 96
119 154 20
119 159 80
119 162 19
119 164 9
119 166 26
119 167 47
119 171 60
119 175 24
119 176 66
119 177 79
119 179 11
119 182 50
119 183 28
119 184 44
119 187 48
119 192 81
119 195 31
119 198 14
120 122 46
120 127 8
120 128 76
120 130 53
120 131 77
120 132 74
120 134 85
120 137 21
120 139 53
120 141 64
120 145 27
120 149 29
120 150 84
120 151 98
120 152 23
120 154 30
120 155 28
120 156 17
120 158 63
120 160 64
120 163 11
120 164 83
120 166 27
120 168 74
120 171 100
120 173 76
120 174 11
120 176 46
120 177 82
120 182 35
120 185 69
120 188 15
120 189 26
120 190 25
120 191 10
120 192 43
120 194 45
120 196 29
121 126 32
121 127 43
121 129 98
121 131 34
121 136 26
121 138 43
121 140 74
121 141 23
121 142 22
121 145 31
121 146 6
121 147 70
121 149 72
121 151 98
121 152 49
121 153 11
121 156 36
121 159 33
121 160 7
121 161 73
121 162 100
121 163 83
121 165 41
121 168 27
121 169 90
121 171 62
121 172 80
121 173 93
121 177 63
121 179 64
121 182 88
121 184 32
121 185 41
121 186 60
121 188 72
121 191 78
121 192 70
121 195 30
121 197 10
121 198 48
121 199 55
122 123 77
122 125 43
122 126 59
122 133 54
122 134 19
122 135 13
122 136 50
122 138 71
122 140 25
122 141 93
122 145 21
122 146 91
122 148 7
122 150 33
122 151 34
122 153 90
122 154 87
122 156 88
122 157 40
122 159 19
122 162 93
122 163 75
122 164 87
122 165 3
122 167 50
122 171 7
122 174 72
122 176 12
122 177 65
122 178 83
122 182 17
122 183 77
122 188 60
122 189 15
122 190 41
122 193 40
122 194 7
122 196 75
122 199 87
122 200 24
123 124 38
123 127 33
123 128 20
123 129 54
123 130 74
123 131 38
123 134 60
123 135 41
123 138 71
123 140 10
123 149 71
123 151 28
123 154 39
123 156 40
123 160 95
123 164 37
123 166 80
123 170 70
123 171 23
123 173 71
123 174 1
123 175 61
123 178 9
123 183 54
123 187 98
123 189 84
123 190 40
123 191 100
123 195 64
123 196 57
123 197 98
123 200 43
124 127 61
124 130 7
124 132 48
124 137 44
124 139 87
124 141 62
124 142 35
124 143 69
124 144 98
124 145 61
124 147 42
124 148 88
124 149 49
124 150 66
124 153 60
124 154 51
124 155 19
124 157 25
124 159 7
124 163 65
124 165 45
124 166 96
124 168 83
124 169 37
124 170 93
124 173 11
124 174 1
124 176 52
124 178 23
124 179 22
124 180 26
124 181 51
124 186 53
124 190 31
124 191 47
124 192 99
124 195 2
124 196 38
124 197 1
124 198 67
124 200 94
125 126 21
125 127 3
125 132 63
125 133 39
125 138 1
125 139 75
125 140 38
125 141 78
125 143 71
125 145 30
125 149 42
125 152 87
125 153 24
125 154 81
125 155 38
125 156 92
125 157 17
125 161 23
125 162 49
125 169 35
125 170 82
125 173 27
125 174 40
125 176 19
125 181 14
125 182 55
125 184 14
125 186 47
125 187 40
125 188 23
125 192 10
125 194 16
125 196 87
125 198 13
126 128 94
126 130 45
126 132 32
126 133 41
126 134 10
126 135 55
126 139 29
126 142 19
126 143 45
126 146 27
126 147 23
126 149 30
126 151 71
126 155 71
126 156 10
126 157 47
126 159 89
126 160 65
126 161 67
126 162 54
126 163 25
126 165 22
126 166 56
126 171 99
126 173 5
126 178 90
126 179 48
126 180 72
126 181 39
126 182 21
126 193 42
126 194 28
126 195 70
126 196 2
126 198 96
126 199 25
127 128 12
127 129 14
127 131 100
127 133 82
127 134 26
127 137 44
127 139 82
127 142 19
127 143 62
127 145 12
127 146 72
127 147 53
127 149 83
127 152 93
127 153 52
127 156 1
127 157 5
127 158 15
127 160 95
127 161 41
127 163 59
127 165 65
127 167 33
127 168 81
127 171 74
127 173 86
127 174 26
127 178 3
127 179 31
127 181 66
127 182 53
127 183 28
127 187 14
127 189 8
127 190 36
127 191 75
127 192 68
127 194 21
127 196 45
127 198 60
128 130 36
128 132 67
128 136 54
128 141 35
128 142 5
128 145 76
128 146 44
128 147 89
128 153 10
128 154 28
128 160 39
128 162 18
128 163 75
128 164 27
128 165 42
128 166 26
128 167 93
128 168 18
128 174 38
128 175 5
128 176 100
128 177 87
128 180 92
128 182 20
128 183 95
128 186 22
128 187 80
128 189 64
128 191 53
128 194 73
128 195 82
128 197 59
128 198 88
129 131 45
129 132 11
129 135 74
129 136 50
129 139 76
129 140 62
129 141 83
129 142 52
129 144 92
129 145 15
129 150 15
129 151 12
129 155 10
129 158 51
129 159 36
129 160 84
129 162 18
129 163 75
129 166 15
129 168 60
129 175 3
129 176 80
129 177 88
129 180 70
129 182 64
129 186 54
129 187 88
129 189 63
129 190 61
129 191 10
129 193 35
129 194 34
130 131 7
130 134 84
130 135 9
130 142 45
130 143 19
130 145 5
130 147 35
130 148 62
130 154 92
130 155 66
130 156 13
130 157 87
130 160 86
130 163 96
130 166 74
130 168 48
130 169 48
130 170 96
130 172 80
130 173 52
130 175 19
130 176 5
130 177 64
130 178 78
130 180 10
130 181 94
130 184 93
130 195 13
130 196 30
130 199 47
131 133 89
131 134 94
131 140 70
131 143 40
131 147 26
131 148 95
131 154 36
131 155 52
131 156 7
131 159 7
131 164 7
131 165 92
131 166 23
131 168 71
131 171 35
131 172 80
131 173 71
131 174 97
131 175 92
131 177 86
131 181 5
131 182 36
131 183 37
131 184 49
131 185 47
131 189 20
131 196 55
131 197 86
131 200 98
132 135 54
132 137 46
132 139 52
132 140 31
132 141 31
132 142 96
132 143 1
132 154 19
132 155 4
132 156 11
132 160 95
132 162 80
132 166 12
132 168 75
132 169 78
132 172 7
132 173 51
132 174 61
132 175 46
132 178 27
132 181 90
132 183 44
132 184 85
132 185 42
132 190 88
132 193 31
132 194 70
132 198 98
132 200 20
133 134 61
133 137 1
133 138 23
133 139 60
133 141 81
133 144 79
133 145 45
133 146 22
133 149 92
133 150 3
133 151 92
133 152 95
133 154 58
133 155 70
133 156 85
133 158 16
133 159 73
133 161 63
133 165 70
133 166 42
133 167 9
133 168 79
133 169 100
133 170 29
133 172 72
133 173 86
133 177 32
133 178 54
133 179 79
133 180 81
133 181 92
133 183 5
133 185 5
133 186 62
133 187 48
133 188 2
133 189 7
133 190 77
133 195 46
133 196 3
134 135 7
134 138 79
134 139 36
134 141 23
134 145 67
134 146 49
134 148 74
134 149 81
134 155 45
134 156 43
134 157 70
134 161 97
134 163 89
134 164 20
134 165 8
134 168 29
134 169 93
134 170 52
134 172 97
134 173 51
134 175 87
134 176 98
134 177 61
134 181 29
134 182 51
134 184 70
134 185 8
134 186 32
134 187 40
134 188 73
134 189 48
134 191 87
134 193 68
134 194 49
134 195 18
134 199 4
135 138 67
135 139 97
135 140 84
135 143 45
135 145 56
135 149 22
135 152 49
135 154 40
135 155 26
135 156 93
135 157 92
135 158 65
135 160 84
135 161 16
135 163 76
135 164 45
135 166 94
135 171 33
135 173 26
135 175 82
135 176 12
135 181 26
135 183 6
135 185 50
135 188 85
135 189 27
135 190 17
135 191 77
135 194 66
135 196 86
135 198 47
136 138 65
136 141 31
136 142 33
136 143 89
136 144 11
136 145 84
136 146 82
136 148 10
136 149 10
136 154 20
136 156 3
136 159 8
136 161 6
136 162 97
136 163 88
136 164 36
136 166 49
136 170 90
136 173 56
136 174 89
136 178 66
136 179 68
136 180 42
136 182 16
136 187 99
136 189 18
136 190 32
136 191 66
136 193 55
136 194 12
136 196 44
136 197 15
136 198 93
136 199 57
137 141 42
137 144 71
137 146 18
137 151 99
137 154 43
137 156 68
137 158 98
137 159 31
137 161 90
137 163 24
137 164 93
137 165 38
137 168 71
137 170 31
137 172 48
137 173 13
137 174 100
137 175 96
137 178 5
137 181 14
137 182 60
137 183 39
137 184 92
137 185 16
137 188 70
137 189 87
137 190 44
137 191 67
137 194 29
137 197 34
137 198 20
137 199 11
137 200 84
138 139 13
138 140 21
138 144 31
138 145 21
138 146 26
138 148 46
138 149 54
138 152 66
138 153 86
138 157 59
138 158 30
138 159 98
138 162 60
138 164 32
138 165 22
138 169 64
138 170 85
138 171 22
138 175 97
138 178 87
138 183 12
138 184 61
138 186 60
138 189 76
138 191 15
138 193 12
138 197 22
138 199 75
139 140 46
139 141 85
139 146 4
139 150 27
139 153 16
139 158 88
139 160 11
139 161 40
139 162 30
139 163 58
139 165 43
139 166 27
139 167 73
139 170 18
139 174 33
139 175 4
139 178 54
139 179 18
139 180 33
139 183 8
139 185 87
139 188 28
139 189 49
139 190 68
139 191 41
139 193 5
139 198 42
139 199 16
139 200 62
140 142 20
140 143 34
140 145 34
140 147 3
140 148 80
140 151 67
140 152 57
140 154 42
140 157 62
140 160 16
140 162 2
140 163 73
140 166 10
140 167 27
140 168 94
140 170 68
140 172 20
140 173 53
140 175 59
140 176 8
140 179 36
140 181 39
140 182 52
140 191 67
140 193 60
140 194 87
140 196 20
140 197 56
140 200 10
141 142 55
141 143 27
141 145 9
141 148 37
141 149 93
141 150 70
141 154 44
141 156 7
141 157 40
141 161 77
141 163 59
141 164 14
141 165 75
141 166 18
141 167 88
141 169 6
141 172 19
141 174 99
141 175 79
141 177 45
141 178 8
141 179 100
141 180 89
141 181 56
141 182 74
141 184 5
141 186 37
141 188 17
141 189 21
141 190 98
141 191 73
141 192 4
141 193 68
141 194 15
141 195 48
141 196 10
141 197 57
141 198 26
141 199 12
142 143 68
142 147 33
142 148 78
142 149 41
142 150 26
142 153 54
142 156 26
142 158 67
142 159 53
142 162 20
142 163 59
142 164 92
142 165 78
142 167 21
142 168 63
142 169 20
142 170 57
142 171 61
142 172 83
142 175 45
142 176 92
142 180 20
142 181 93
142 184 39
142 189 21
142 191 34
142 192 65
142 198 88
142 200 71
143 144 18
143 146 44
143 148 80
143 149 12
143 151 4
143 153 78
143 157 77
143 158 83
143 159 28
143 160 84
143 161 64
143 162 43
143 163 43
143 164 30
143 167 58
143 168 7
143 169 46
143 171 7
143 176 93
143 177 26
143 178 67
143 180 26
143 182 16
143 183 28
143 185 80
143 188 99
143 189 14
143 190 31
143 192 47
143 193 74
143 194 65
143 198 15
143 200 11
144 145 55
144 146 99
144 148 97
144 150 50
144 151 46
144 163 29
144 164 59
144 167 74
144 168 100
144 170 20
144 171 58
144 174 96
144 175 42
144 179 98
144 181 73
144 183 24
144 184 56
144 185 93
144 187 44
144 188 78
144 190 26
144 194 68
144 195 95
144 196 87
144 197 2
144 198 37
144 199 50
145 147 91
145 148 86
145 150 98
145 153 48
145 154 96
145 155 78
145 158 2
145 160 91
145 163 62
145 164 74
145 168 62
145 169 89
145 171 63
145 175 84
145 180 3
145 181 62
145 183 15
145 185 14
145 188 54
145 189 37
145 190 67
145 194 47
145 198 53
145 199 38
145 200 51
146 148 57
146 149 66
146 151 83
146 152 24
146 153 72
146 154 80
146 155 50
146 157 43
146 159 95
146 160 62
146 161 33
146 162 2
146 163 52
146 164 63
146 165 51
146 166 49
146 169 81
146 170 47
146 173 43
146 175 77
146 176 18
146 178 44
146 180 71
146 186 11
146 189 69
146 193 61
146 195 97
146 196 19
146 198 94
146 199 18
146 200 34
147 148 36
147 150 87
147 153 33
147 154 24
147 157 74
147 158 6
147 159 82
147 163 2
147 164 4
147 165 6
147 167 50
147 170 90
147 171 12
147 175 81
147 178 9
147 179 41
147 180 26
147 186 59
147 189 7
147 190 45
147 191 56
147 193 93
147 196 69
147 197 63
147 198 100
147 199 43
147 200 95
148 150 75
148 152 17
148 154 44
148 156 68
148 157 50
148 158 49
148 159 15
148 160 6
148 161 18
148 166 7
148 167 10
148 168 49
148 174 28
148 178 69
148 180 57
148 182 9
148 183 62
148 186 83
148 188 76
148 190 46
148 192 3
148 193 35
148 194 100
148 196 77
148 197 40
148 198 84
148 200 59
149 151 80
149 155 61
149 159 35
149 164 26
149 165 18
149 166 24
149 168 64
149 169 77
149 170 89
149 172 10
149 173 13
149 175 35
149 177 16
149 178 68
149 184 29
149 186 18
149 188 45
149 190 9
149 193 30
149 194 32
149 197 56
149 199 40
150 151 74
150 153 29
150 154 84
150 155 2
150 161 17
150 164 66
150 165 100
150 174 4
150 175 99
150 176 5
150 179 51
150 180 2
150 181 99
150 183 95
150 184 88
150 185 28
150 187 68
150 190 73
150 191 32
150 192 25
150 193 88
150 194 62
150 198 74
151 152 58
151 153 89
151 155 55
151 157 32
151 158 71
151 160 36
151 161 96
151 162 10
151 165 92
151 166 59
151 167 88
151 168 50
151 169 97
151 170 55
151 171 97
151 172 5
151 173 61
151 175 62
151 176 41
151 177 63
151 179 59
151 180 46
151 181 15
151 184 96
151 185 31
151 186 12
151 187 20
151 188 91
151 190 64
151 191 79
151 193 33
151 194 98
151 195 88
151 198 21
151 199 88
151 200 2
152 155 54
152 156 60
152 157 78
152 159 76
152 160 71
152 161 33
152 168 57
152 169 78
152 170 50
152 171 66
152 178 6
152 180 13
152 182 96
152 184 70
152 187 73
152 188 66
152 189 44
152 190 40
152 193 52
152 197 6
152 198 32
152 199 74
152 200 62
153 154 50
153 157 31
153 159 52
153 161 18
153 163 84
153 165 84
153 169 66
153 170 43
153 172 60
153 174 73
153 175 80
153 177 78
153 179 53
153 181 85
153 182 15
153 183 25
153 184 11
153 187 87
153 188 53
153 189 61
153 190 12
153 191 12
153 192 1
153 193 74
153 194 45
153 195 77
153 197 95
153 199 71
154 155 3
154 156 78
154 158 92
154 159 34
154 161 54
154 162 70
154 164 59
154 165 91
154 166 72
154 167 59
154 169 2
154 170 54
154 171 16
154 172 42
154 175 70
154 176 25
154 177 87
154 178 85
154 179 11
154 180 44
154 181 60
154 182 34
154 183 5
154 184 1
154 192 76
154 193 63
154 195 31
154 196 25
154 197 31
154 198 40
154 200 82
155 157 86
155 159 83
155 161 20
155 162 56
155 165 25
155 166 84
155 167 41
155 168 35
155 169 44
155 171 35
155 175 34
155 177 4
155 179 84
155 181 1
155 184 49
155 185 66
155 186 51
155 187 57
155 190 38
155 193 88
155 194 16
156 157 2
156 159 26
156 165 99
156 166 32
156 168 16
156 169 71
156 170 18
156 172 14
156 175 58
156 176 48
156 180 30
156 181 83
156 182 22
156 183 96
156 185 57
156 186 47
156 187 33
156 188 8
156 189 73
156 190 55
156 192 2
156 194 33
156 198 26
156 199 36
156 200 46
157 158 47
157 160 96
157 161 90
157 162 43
157 163 52
157 164 48
157 166 61
157 170 90
157 171 49
157 173 89
157 177 9
157 178 15
157 183 54
157 184 94
157 185 6
157 186 13
157 187 99
157 188 13
157 189 93
157 190 63
157 191 94
157 193 97
157 195 70
157 196 51
157 197 88
157 200 29
158 160 33
158 161 97
158 164 38
158 165 98
158 166 70
158 167 76
158 168 43
158 170 38
158 171 20
158 173 89
158 176 97
158 178 36
158 179 47
158 180 6
158 182 95
158 185 41
158 186 77
158 187 67
158 188 41
158 189 26
158 191 75
158 192 67
158 193 73
158 194 25
158 196 76
158 197 69
159 160 27
159 162 27
159 163 60
159 167 97
159 168 3
159 169 35
159 170 89
159 172 87
159 173 57
159 174 99
159 177 95
159 178 12
159 179 61
159 180 86
159 181 67
159 183 9
159 185 43
159 186 76
159 187 57
159 188 9
159 191 54
159 194 35
159 195 80
159 199 60
159 200 39
160 161 52
160 162 47
160 165 93
160 167 36
160 168 82
160 169 39
160 172 3
160 173 17
160 178 82
160 180 9
160 181 98
160 182 33
160 183 56
160 186 9
160 188 22
160 190 30
160 191 76
160 194 8
160 195 74
160 198 32
161 162 100
161 165 18
161 167 57
161 168 46
161 171 67
161 172 64
161 175 75
161 177 96
161 178 90
161 180 17
161 181 96
161 183 69
161 184 78
161 192 19
161 194 85
161 195 50
161 196 81
161 197 1
161 199 55
162 163 18
162 166 66
162 167 88
162 170 32
162 171 34
162 172 11
162 175 91
162 176 16
162 178 26
162 179 50
162 180 86
162 181 86
162 182 57
162 184 80
162 185 42
162 186 44
162 188 48
162 189 78
162 191 59
162 196 54
162 199 13
162 200 89
163 164 85
163 165 75
163 166 3
163 171 100
163 175 91
163 178 8
163 182 17
163 183 9
163 185 54
163 186 19
163 187 48
163 189 39
163 191 24
163 193 44
163 195 67
163 196 90
163 197 61
163 198 28
163 200 77
164 165 16
164 166 65
164 168 18
164 170 79
164 171 62
164 172 70
164 176 80
164 178 23
164 179 98
164 182 91
164 183 57
164 185 91
164 186 29
164 189 71
164 191 11
164 192 60
164 193 61
164 196 64
164 197 30
164 198 35
165 167 63
165 169 81
165 170 64
165 171 14
165 175 88
165 180 29
165 182 81
165 184 92
165 189 10
165 191 38
165 192 71
165 194 61
165 198 67
165 200 95
166 167 95
166 168 100
166 169 99
166 170 64
166 172 52
166 178 35
166 181 83
166 182 97
166 185 93
166 186 16
166 187 6
166 191 16
166 192 91
166 193 15
166 196 3
166 197 25
166 198 86
166 200 14
167 168 99
167 171 99
167 173 43
167 175 28
167 176 10
167 180 80
167 181 59
167 183 51
167 185 63
167 188 95
167 190 58
167 191 95
167 192 92
167 193 36
167 195 59
167 198 100
167 200 73
168 170 72
168 172 62
168 173 20
168 176 7
168 177 94
168 183 5
168 184 42
168 187 47
168 188 96
168 193 41
168 194 35
168 195 33
168 196 94
168 197 11
168 198 98
168 199 94
168 200 84
169 172 98
169 174 100
169 175 77
169 176 71
169 178 11
169 179 17
169 186 86
169 187 68
169 192 43
169 194 89
169 197 33
169 198 41
169 199 69
169 200 31
170 172 28
170 175 39
170 177 30
170 178 35
170 179 17
170 180 2
170 183 100
170 186 85
170 191 3
170 194 25
170 197 78
170 199 65
171 172 99
171 173 17
171 176 7
171 178 1
171 179 51
171 182 33
171 183 42
171 185 70
171 186 23
171 187 26
171 188 58
171 190 50
171 191 97
171 192 60
171 193 39
171 194 26
171 195 49
171 196 97
171 197 89
171 198 26
171 200 62
172 174 16
172 175 49
172 177 16
172 178 66
172 179 85
172 180 27
172 181 36
172 184 82
172 186 45
172 189 3
172 191 17
172 194 92
172 195 97
172 199 50
173 174 95
173 178 14
173 179 46
173 180 77
173 183 20
173 184 35
173 185 97
173 187 23
173 188 85
173 189 81
173 190 75
173 191 90
173 192 61
173 196 96
173 198 5
173 199 53
173 200 69
174 175 96
174 180 52
174 181 85
174 182 3
174 187 14
174 188 10
174 192 2
174 194 100
174 196 12
174 198 84
174 199 54
174 200 30
175 177 62
175 178 46
175 179 31
175 184 95
175 185 16
175 191 83
175 198 52
175 199 59
176 177 56
176 180 38
176 183 69
176 185 48
176 186 10
176 191 62
176 195 59
176 198 7
176 199 72
176 200 63
177 179 13
177 181 15
177 182 46
177 186 88
177 187 66
177 191 98
177 192 81
177 193 25
177 194 26
177 195 15
177 197 39
177 199 100
177 200 74
178 179 35
178 182 11
178 184 95
178 190 27
178 191 89
178 193 73
178 194 36
178 195 27
178 196 58
178 197 20
178 198 59
178 199 86
179 183 95
179 185 38
179 187 49
179 189 39
179 190 19
179 192 33
179 193 79
179 198 4
179 199 10
180 183 76
180 185 21
180 186 55
180 187 29
180 191 5
180 193 8
180 196 73
180 199 9
180 200 43
181 182 68
181 184 66
181 187 94
181 189 53
181 190 74
181 192 17
181 193 5
181 197 45
181 199 91
182 183 15
182 184 24
182 186 63
182 188 48
182 189 49
182 195 44
182 197 54
183 184 55
183 185 51
183 186 94
183 187 93
183 190 44
183 194 47
183 196 14
183 198 11
184 187 9
184 188 72
184 189 63
184 191 100
184 192 99
184 197 11
184 198 33
184 200 12
185 187 31
185 190 100
185 191 72
185 193 15
185 196 24
186 187 11
186 188 85
186 191 33
186 192 12
186 194 70
186 195 54
186 196 82
186 198 4
186 199 81
187 188 52
187 189 61
187 190 67
187 191 53
187 194 49
187 196 88
187 198 91
187 199 4
187 200 55
188 193 81
188 195 3
188 199 51
188 200 23
189 197 64
189 198 29
189 199 28
189 200 60
190 191 50
190 194 86
190 195 11
190 196 100
190 197 27
190 198 90
190 200 90
191 192 32
191 193 59
191 194 78
191 195 26
191 196 66
191 198 65
192 195 23
192 196 16
192 197 41
192 198 82
193 194 58
193 197 60
193 199 10
194 198 17
194 199 13
195 197 77
195 199 60
196 197 78
196 199 48
196 200 84
197 199 21
197 200 82
198 199 94
