100 3684
1 3 12
1 5 29
1 6 94
1 7 10
1 8 75
1 9 39
1 11 93
1 12 37
1 13 82
1 14 21
1 15 33
1 16 81
1 17 15
1 18 8
1 19 17
1 20 50
1 21 100
1 22 35
1 23 4
1 24 72
1 25 10
1 26 73
1 27 25
1 28 27
1 29 71
1 31 66
1 34 46
1 35 26
1 37 7
1 39 23
1 40 16
1 41 74
1 42 81
1 43 68
1 44 4
1 45 50
1 48 89
1 49 37
1 50 31
1 51 6
1 52 78
1 53 61
1 54 86
1 55 85
1 56 96
1 59 24
1 61 89
1 62 88
1 63 84
1 64 42
1 65 82
1 68 36
1 69 24
1 70 47
1 71 67
1 72 8
1 74 90
1 75 31
1 76 20
1 78 4
1 80 21
1 81 42
1 84 46
1 85 44
1 86 84
1 88 30
1 89 10
1 90 70
1 91 56
1 94 35
1 96 36
1 97 26
1 98 71
1 99 67
1 100 21
2 3 40
2 4 33
2 5 88
2 6 33
2 7 15
2 8 72
2 9 94
2 10 38
2 11 76
2 12 22
2 13 53
2 14 72
2 15 15
2 16 10
2 18 14
2 20 3
2 22 30
2 23 43
2 24 38
2 25 45
2 26 37
2 28 66
2 29 65
2 30 35
2 32 85
2 33 35
2 35 91
2 36 55
2 37 69
2 38 90
2 39 65
2 40 59
2 41 11
2 42 52
2 44 45
2 45 74
2 46 35
2 50 78
2 52 63
2 53 2
2 54 66
2 55 9
2 56 73
2 57 62
2 58 81
2 59 2
2 61 9
2 62 74
2 63 95
2 64 5
2 65 23
2 67 92
2 69 11
2 70 37
2 71 92
2 72 15
2 73 20
2 74 89
2 75 29
2 76 18
2 77 36
2 80 49
2 81 98
2 82 9
2 83 34
2 84 3
2 87 66
2 88 78
2 90 94
2 91 29
2 94 86
2 95 70
2 96 41
2 97 41
2 98 46
2 99 79
2 100 11
3 5 34
3 6 59
3 7 33
3 8 43
3 9 74
3 10 96
3 12 36
3 14 76
3 15 52
3 16 73
3 18 79
3 19 78
3 21 88
3 22 8
3 24 49
3 26 24
3 29 27
3 30 6
3 31 52
3 32 12
3 33 94
3 36 72
3 37 49
3 39 69
3 40 52
3 41 95
3 43 84
3 44 73
3 45 13
3 46 64
3 47 58
3 48 75
3 51 91
3 52 34
3 53 20
3 54 56
3 55 65
3 57 56
3 58 81
3 60 38
3 61 7
3 63 99
3 66 98
3 67 84
3 68 75
3 69 84
3 70 10
3 71 78
3 73 17
3 75 7
3 76 68
3 77 69
3 78 90
3 80 42
3 81 75
3 85 27
3 87 40
3 88 59
3 89 94
3 91 44
3 92 81
3 93 38
3 94 70
3 95 61
3 96 89
3 97 34
3 99 2
4 7 64
4 8 62
4 9 45
4 11 67
4 13 81
4 14 83
4 16 84
4 17 31
4 18 56
4 19 13
4 20 59
4 21 83
4 22 12
4 23 31
4 24 66
4 25 72
4 26 39
4 27 64
4 29 49
4 30 12
4 31 48
4 32 2
4 33 45
4 34 87
4 35 16
4 36 86
4 37 25
4 38 76
4 39 72
4 42 1
4 43 12
4 44 78
4 45 85
4 46 61
4 47 30
4 48 66
4 50 66
4 51 74
4 52 31
4 53 26
4 54 27
4 55 37
4 56 94
4 58 41
4 59 20
4 61 13
4 62 70
4 63 21
4 64 53
4 65 12
4 68 91
4 70 67
4 71 70
4 73 36
4 74 8
4 75 65
4 76 2
4 77 72
4 78 2
4 79 98
4 80 88
4 81 96
4 82 18
4 83 60
4 84 32
4 87 68
4 89 81
4 90 18
4 91 14
4 92 81
4 93 95
4 94 63
4 96 72
4 97 28
4 98 75
4 99 72
5 6 29
5 7 35
5 8 99
5 9 17
5 11 18
5 13 83
5 14 84
5 16 1
5 17 43
5 18 35
5 19 98
5 20 89
5 21 22
5 22 66
5 23 44
5 24 89
5 25 94
5 27 81
5 29 78
5 30 95
5 31 12
5 32 61
5 33 60
5 34 53
5 35 37
5 36 84
5 37 40
5 38 29
5 39 100
5 41 31
5 42 15
5 43 96
5 44 46
5 45 48
5 46 95
5 47 37
5 48 48
5 49 32
5 50 32
5 51 76
5 52 90
5 53 70
5 55 99
5 58 49
5 59 48
5 60 25
5 61 22
5 62 93
5 63 3
5 66 34
5 68 38
5 69 32
5 70 10
5 72 92
5 74 7
5 76 43
5 78 74
5 79 40
5 80 89
5 81 13
5 82 47
5 83 89
5 84 92
5 85 53
5 86 30
5 87 73
5 88 23
5 89 76
5 90 44
5 91 75
5 93 37
5 94 88
5 95 60
5 96 10
5 98 83
5 99 79
5 100 90
6 7 62
6 8 93
6 9 65
6 10 2
6 12 78
6 14 8
6 15 2
6 16 9
6 17 80
6 19 34
6 20 9
6 23 12
6 24 70
6 26 85
6 29 59
6 31 51
6 32 30
6 33 61
6 34 23
6 35 16
6 36 68
6 37 71
6 38 99
6 39 45
6 40 79
6 42 50
6 44 44
6 45 64
6 46 43
6 47 16
6 48 62
6 50 29
6 51 99
6 52 93
6 53 23
6 54 67
6 55 34
6 56 61
6 58 94
6 59 90
6 60 22
6 61 38
6 62 16
6 64 6
6 65 26
6 66 87
6 67 73
6 68 66
6 69 3
6 70 89
6 72 77
6 73 42
6 74 23
6 75 74
6 77 12
6 78 40
6 80 75
6 81 69
6 82 99
6 83 78
6 84 2
6 85 59
6 86 46
6 87 89
6 91 60
6 92 86
6 93 27
6 95 65
6 97 27
6 98 92
6 100 33
7 8 7
7 9 16
7 10 80
7 11 32
7 12 84
7 13 69
7 15 67
7 17 24
7 19 83
7 25 85
7 26 56
7 29 59
7 31 2
7 32 49
7 33 13
7 34 98
7 35 17
7 36 58
7 37 10
7 39 59
7 40 39
7 43 76
7 44 87
7 45 68
7 46 39
7 47 4
7 48 84
7 49 44
7 50 34
7 53 11
7 55 54
7 57 66
7 58 81
7 59 71
7 60 19
7 61 34
7 62 42
7 63 58
7 64 17
7 65 81
7 67 55
7 69 28
7 70 57
7 71 81
7 72 43
7 73 21
7 74 92
7 76 72
7 77 65
7 78 25
7 79 72
7 81 14
7 83 53
7 84 18
7 86 80
7 88 55
7 89 28
7 91 46
7 92 39
7 93 18
7 94 51
7 95 88
7 96 96
7 97 3
7 99 79
7 100 94
8 9 95
8 11 60
8 12 55
8 15 37
8 16 55
8 18 30
8 19 81
8 20 3
8 21 65
8 23 15
8 24 47
8 25 22
8 26 61
8 27 9
8 28 8
8 30 78
8 31 98
8 32 66
8 35 51
8 36 37
8 37 65
8 38 67
8 39 39
8 40 32
8 41 54
8 44 47
8 46 70
8 48 4
8 49 29
8 50 53
8 51 14
8 53 18
8 54 55
8 56 69
8 59 53
8 60 59
8 61 3
8 63 23
8 64 51
8 66 77
8 67 39
8 69 46
8 70 6
8 71 95
8 72 6
8 73 73
8 74 29
8 76 19
8 77 71
8 78 45
8 80 10
8 81 99
8 83 23
8 85 32
8 87 50
8 88 97
8 91 84
8 93 32
8 95 59
8 96 18
8 97 51
8 98 8
8 100 17
9 11 99
9 13 96
9 15 12
9 16 18
9 18 10
9 20 19
9 21 27
9 22 36
9 23 100
9 25 72
9 26 29
9 27 53
9 29 25
9 30 44
9 31 35
9 32 93
9 33 32
9 34 77
9 35 92
9 36 65
9 37 57
9 38 15
9 39 72
9 40 55
9 41 73
9 42 90
9 43 98
9 45 49
9 46 51
9 48 7
9 49 70
9 51 31
9 52 11
9 54 54
9 55 13
9 56 4
9 57 95
9 58 98
9 59 46
9 60 22
9 62 45
9 64 15
9 65 69
9 66 56
9 67 85
9 68 87
9 69 85
9 70 90
9 71 13
9 72 97
9 79 87
9 80 53
9 81 74
9 82 46
9 84 19
9 85 1
9 87 99
9 89 57
9 91 24
9 92 58
9 93 92
9 95 98
9 96 56
9 98 80
9 99 17
9 100 86
10 12 35
10 13 6
10 14 100
10 15 96
10 16 17
10 17 20
10 18 52
10 19 21
10 20 80
10 21 29
10 22 88
10 23 45
10 24 14
10 25 98
10 26 46
10 28 47
10 30 42
10 31 99
10 32 88
10 33 55
10 34 97
10 35 54
10 36 28
10 37 25
10 38 52
10 41 21
10 42 36
10 43 41
10 44 9
10 45 45
10 47 56
10 50 27
10 51 40
10 52 69
10 54 82
10 57 15
10 58 26
10 59 66
10 60 82
10 61 57
10 62 91
10 63 19
10 64 66
10 65 5
10 68 89
10 72 57
10 73 71
10 74 69
10 76 68
10 77 71
10 78 62
10 79 84
10 80 68
10 81 90
10 82 24
10 83 75
10 84 64
10 86 32
10 87 8
10 88 89
10 89 71
10 90 38
10 93 61
10 94 3
10 95 90
10 97 76
10 98 55
10 99 61
10 100 80
11 12 57
11 13 51
11 14 99
11 17 43
11 19 64
11 21 98
11 22 26
11 23 86
11 25 90
11 26 53
11 27 66
11 28 12
11 29 51
11 30 69
11 31 61
11 32 62
11 33 97
11 34 51
11 35 7
11 36 49
11 37 41
11 39 16
11 40 21
11 41 27
11 42 32
11 44 17
11 47 27
11 49 40
11 50 47
11 51 100
11 53 38
11 55 97
11 57 53
11 58 38
11 59 71
11 60 12
11 61 86
11 62 93
11 63 38
11 64 68
11 66 100
11 67 53
11 68 79
11 69 16
11 70 78
11 71 68
11 72 82
11 74 23
11 75 4
11 76 77
11 78 35
11 79 2
11 80 6
11 82 79
11 83 13
11 84 14
11 85 82
11 87 29
11 88 74
11 89 39
11 90 66
11 91 98
11 93 63
11 94 97
11 96 31
11 97 18
11 98 66
11 99 82
12 15 44
12 16 21
12 17 43
12 18 99
12 19 17
12 20 74
12 21 1
12 22 1
12 24 85
12 26 61
12 27 81
12 28 8
12 29 20
12 30 37
12 31 84
12 35 99
12 36 67
12 37 36
12 38 74
12 39 86
12 40 93
12 41 51
12 42 7
12 43 97
12 44 61
12 45 64
12 46 23
12 47 39
12 48 89
12 49 16
12 50 38
12 51 58
12 53 94
12 55 88
12 56 68
12 57 31
12 58 41
12 61 7
12 63 94
12 64 17
12 67 16
12 68 69
12 69 51
12 70 53
12 74 19
12 75 14
12 76 1
12 77 7
12 78 57
12 79 93
12 80 81
12 82 30
12 83 11
12 87 61
12 88 32
12 91 97
12 93 51
12 95 9
12 97 37
12 98 52
12 99 20
13 14 52
13 15 5
13 16 95
13 17 74
13 18 35
13 20 39
13 22 42
13 24 44
13 25 15
13 26 69
13 27 16
13 28 15
13 29 46
13 31 3
13 32 8
13 33 71
13 35 20
13 38 100
13 39 81
13 40 67
13 41 78
13 42 85
13 43 60
13 46 3
13 47 86
13 48 79
13 50 14
13 51 64
13 52 77
13 53 47
13 54 27
13 55 35
13 56 42
13 57 30
13 58 78
13 59 95
13 60 22
13 61 55
13 62 58
13 63 66
13 67 68
13 68 82
13 70 50
13 71 68
13 72 48
13 73 28
13 74 97
13 75 95
13 76 7
13 77 98
13 78 74
13 79 43
13 80 51
13 81 87
13 82 6
13 83 77
13 84 68
13 85 79
13 86 49
13 87 87
13 89 64
13 91 1
13 92 76
13 93 27
13 94 29
13 96 47
13 99 83
13 100 39
14 15 12
14 17 47
14 18 95
14 20 97
14 21 41
14 22 62
14 25 18
14 26 33
14 27 43
14 28 80
14 29 10
14 30 15
14 32 98
14 33 39
14 34 21
14 35 56
14 37 59
14 39 50
14 42 43
14 43 69
14 44 24
14 45 77
14 46 4
14 47 65
14 48 2
14 49 48
14 50 31
14 53 90
14 54 13
14 55 80
14 56 49
14 57 29
14 59 56
14 60 26
14 61 12
14 63 6
14 65 83
14 66 94
14 67 75
14 70 53
14 71 12
14 72 10
14 73 46
14 74 84
14 77 26
14 79 62
14 80 57
14 81 39
14 82 59
14 83 44
14 84 58
14 85 86
14 86 76
14 87 72
14 88 39
14 89 31
14 90 33
14 91 97
14 92 69
14 94 22
14 95 8
14 96 83
14 98 12
14 100 80
15 16 47
15 17 91
15 20 53
15 22 97
15 24 38
15 27 4
15 28 65
15 29 9
15 30 84
15 31 87
15 33 91
15 34 5
15 35 59
15 36 4
15 37 27
15 39 13
15 40 32
15 41 95
15 42 79
15 43 65
15 44 72
15 45 88
15 46 75
15 47 44
15 48 12
15 49 82
15 50 51
15 51 31
15 52 44
15 53 12
15 54 69
15 55 40
15 57 28
15 58 99
15 59 74
15 61 33
15 63 39
15 64 22
15 65 25
15 67 27
15 68 54
15 69 28
15 70 6
15 71 84
15 72 38
15 73 71
15 74 15
15 75 89
15 76 17
15 78 72
15 79 64
15 80 66
15 81 78
15 82 69
15 85 35
15 86 6
15 87 79
15 88 98
15 89 7
15 90 45
15 92 78
15 93 87
15 94 55
15 95 34
15 96 52
15 97 88
16 17 37
16 19 78
16 22 29
16 24 6
16 25 24
16 26 74
16 27 22
16 29 94
16 30 19
16 31 30
16 32 83
16 35 47
16 39 14
16 42 88
16 44 14
16 45 83
16 46 19
16 47 68
16 49 4
16 51 51
16 53 54
16 55 19
16 57 92
16 58 52
16 60 21
16 61 51
16 63 72
16 64 17
16 65 90
16 66 66
16 67 41
16 68 84
16 69 91
16 71 36
16 73 17
16 74 35
16 75 37
16 76 87
16 78 92
16 79 41
16 80 45
16 81 32
16 83 16
16 84 78
16 85 45
16 86 11
16 87 37
16 88 43
16 89 62
16 92 26
16 93 62
16 94 17
16 95 75
16 96 69
16 98 54
16 99 38
16 100 24
17 18 84
17 19 91
17 20 65
17 21 35
17 23 64
17 24 89
17 25 59
17 26 13
17 27 95
17 28 90
17 29 57
17 30 43
17 31 85
17 33 52
17 34 48
17 35 85
17 36 68
17 37 50
17 38 49
17 39 35
17 40 37
17 41 87
17 42 100
17 44 79
17 45 24
17 46 81
17 47 31
17 49 86
17 50 36
17 51 60
17 53 82
17 55 36
17 56 24
17 59 41
17 60 57
17 61 42
17 62 42
17 63 86
17 64 22
17 65 84
17 66 45
17 67 20
17 69 13
17 70 96
17 71 84
17 72 37
17 73 28
17 74 42
17 75 30
17 76 88
17 77 57
17 78 94
17 79 25
17 80 68
17 83 26
17 84 98
17 85 17
17 86 48
17 87 28
17 88 13
17 89 85
17 91 67
17 92 41
17 93 12
17 94 80
17 95 52
17 96 23
17 98 64
17 99 27
17 100 86
18 20 75
18 23 30
18 24 78
18 26 83
18 29 76
18 30 11
18 33 40
18 35 50
18 36 46
18 37 77
18 38 98
18 39 17
18 40 48
18 41 48
18 43 42
18 44 98
18 45 31
18 46 8
18 47 56
18 48 37
18 49 95
18 50 81
18 51 30
18 52 90
18 55 93
18 56 71
18 57 41
18 58 11
18 60 64
18 61 60
18 62 9
18 63 50
18 65 12
18 67 79
18 68 46
18 69 25
18 70 77
18 71 90
18 72 55
18 74 38
18 75 62
18 76 69
18 77 65
18 78 99
18 80 54
18 81 12
18 85 24
18 86 71
18 87 82
18 88 58
18 90 2
18 91 78
18 92 15
18 93 28
18 96 23
18 97 65
18 99 71
19 20 52
19 21 42
19 22 17
19 23 46
19 24 4
19 25 84
19 27 80
19 28 25
19 29 1
19 30 9
19 32 1
19 33 83
19 34 1
19 35 21
19 37 57
19 39 62
19 40 48
19 41 56
19 43 49
19 44 19
19 46 100
19 48 43
19 49 56
19 50 10
19 51 51
19 52 87
19 53 9
19 55 71
19 56 57
19 57 40
19 59 85
19 60 63
19 61 40
19 63 30
19 64 51
19 67 66
19 68 55
19 69 63
19 70 45
19 71 42
19 72 32
19 73 1
19 74 68
19 76 63
19 77 76
19 78 27
19 79 42
19 81 83
19 85 1
19 86 39
19 87 76
19 88 58
19 91 86
19 92 84
19 93 61
19 94 32
19 95 28
19 96 75
19 99 27
19 100 63
20 23 32
20 24 29
20 25 24
20 26 57
20 29 19
20 30 100
20 31 58
20 33 36
20 34 54
20 36 92
20 37 6
20 38 75
20 39 82
20 42 59
20 43 40
20 44 68
20 45 2
20 48 2
20 49 20
20 50 57
20 51 40
20 52 82
20 53 44
20 54 62
20 55 6
20 56 26
20 57 84
20 59 58
20 60 92
20 62 76
20 63 81
20 64 24
20 66 87
20 68 56
20 69 15
20 70 22
20 72 11
20 73 69
20 74 91
20 75 95
20 76 43
20 77 8
20 78 61
20 79 3
20 80 6
20 82 74
20 83 19
20 84 14
20 85 27
20 87 80
20 88 7
20 89 52
20 92 93
20 93 81
20 94 20
20 95 90
20 96 65
20 97 30
20 98 26
20 100 100
21 22 20
21 23 69
21 25 7
21 26 10
21 27 26
21 28 81
21 29 65
21 31 98
21 32 90
21 33 94
21 34 26
21 35 1
21 36 96
21 38 63
21 39 17
21 40 28
21 41 43
21 42 57
21 43 24
21 45 33
21 46 14
21 47 18
21 50 83
21 51 38
21 52 84
21 53 53
21 57 36
21 58 18
21 59 14
21 60 44
21 61 86
21 62 72
21 63 49
21 64 57
21 65 55
21 67 61
21 69 94
21 70 74
21 71 34
21 72 84
21 73 60
21 74 60
21 75 60
21 76 66
21 77 32
21 78 52
21 80 99
21 81 30
21 82 78
21 83 62
21 84 42
21 85 35
21 86 75
21 88 44
21 89 80
21 91 100
21 93 13
21 94 64
21 95 55
21 96 17
21 97 64
21 98 65
21 99 68
21 100 26
22 24 66
22 25 96
22 26 98
22 27 15
22 29 3
22 30 66
22 31 94
22 33 50
22 34 5
22 36 65
22 37 84
22 38 55
22 40 4
22 41 15
22 43 47
22 44 84
22 45 48
22 46 55
22 47 21
22 49 21
22 50 43
22 51 20
22 52 10
22 53 63
22 54 77
22 55 90
22 56 62
22 57 5
22 58 96
22 62 32
22 65 31
22 67 39
22 68 94
22 69 57
22 73 29
22 74 25
22 76 3
22 77 95
22 78 22
22 80 33
22 81 13
22 82 30
22 85 94
22 86 25
22 87 42
22 88 39
22 89 59
22 90 66
22 92 54
22 93 30
22 94 28
22 95 100
22 96 64
22 97 61
22 98 57
23 25 71
23 26 75
23 28 65
23 29 30
23 31 57
23 32 94
23 33 1
23 35 24
23 36 80
23 37 73
23 38 59
23 39 38
23 40 10
23 41 77
23 42 87
23 43 89
23 44 87
23 45 12
23 46 17
23 49 69
23 50 51
23 53 26
23 54 46
23 55 68
23 56 12
23 57 21
23 58 1
23 59 82
23 61 67
23 62 47
23 63 43
23 64 35
23 67 55
23 70 2
23 71 85
23 72 59
23 73 58
23 74 14
23 75 34
23 76 48
23 78 71
23 79 59
23 81 81
23 82 17
23 83 72
23 84 29
23 85 95
23 86 25
23 88 75
23 89 21
23 90 45
23 91 61
23 92 37
23 94 21
23 95 87
23 96 40
23 97 73
23 98 61
23 99 97
23 100 78
24 25 51
24 26 57
24 27 92
24 28 39
24 30 44
24 31 48
24 32 76
24 33 55
24 34 7
24 36 64
24 37 45
24 38 92
24 39 16
24 41 66
24 44 62
24 45 18
24 46 1
24 47 1
24 48 92
24 49 43
24 51 35
24 52 3
24 55 65
24 56 2
24 58 37
24 59 72
24 61 32
24 62 17
24 63 24
24 65 71
24 66 10
24 68 15
24 69 92
24 70 99
24 73 71
24 74 41
24 75 28
24 76 70
24 78 93
24 79 81
24 80 33
24 81 64
24 84 88
24 85 52
24 87 13
24 89 6
24 91 75
24 93 14
24 94 18
24 95 84
24 97 57
24 98 78
25 26 26
25 27 29
25 30 89
25 32 58
25 33 17
25 34 21
25 35 13
25 37 34
25 38 57
25 40 15
25 41 40
25 42 57
25 43 36
25 44 13
25 45 68
25 46 87
25 47 84
25 49 63
25 50 82
25 51 88
25 52 10
25 53 80
25 55 77
25 56 52
25 57 47
25 59 37
25 60 37
25 61 52
25 63 16
25 66 18
25 68 53
25 69 10
25 70 2
25 71 58
25 72 55
25 73 97
25 74 13
25 76 89
25 80 1
25 81 8
25 84 28
25 85 27
25 87 3
25 88 62
25 89 29
25 90 88
25 92 71
25 93 84
25 94 50
25 95 23
25 97 98
25 99 98
25 100 24
26 27 51
26 28 75
26 29 84
26 30 9
26 32 55
26 33 87
26 34 42
26 35 93
26 36 33
26 40 39
26 41 54
26 42 28
26 43 99
26 44 60
26 45 72
26 46 39
26 47 45
26 48 28
26 49 38
26 51 27
26 52 7
26 53 76
26 54 27
26 55 97
26 57 76
26 58 9
26 59 39
26 60 19
26 62 22
26 63 5
26 64 46
26 65 99
26 66 22
26 67 90
26 68 47
26 70 70
26 71 15
26 72 43
26 73 43
26 74 73
26 75 44
26 77 7
26 78 47
26 79 73
26 81 9
26 82 85
26 83 91
26 84 83
26 85 66
26 86 10
26 87 20
26 88 21
26 89 25
26 91 21
26 92 87
26 93 57
26 94 32
26 95 10
26 97 22
26 99 21
26 100 25
27 30 83
27 31 40
27 33 83
27 34 36
27 35 22
27 36 2
27 37 100
27 38 86
27 39 43
27 40 59
27 41 82
27 42 70
27 43 55
27 44 88
27 45 65
27 47 33
27 48 51
27 49 76
27 50 10
27 53 12
27 54 95
27 56 24
27 58 83
27 59 63
27 60 71
27 61 29
27 62 66
27 63 88
27 64 68
27 65 81
27 66 33
27 67 60
27 68 28
27 69 89
27 70 1
27 72 16
27 73 58
27 75 60
27 78 5
27 81 21
27 82 81
27 83 80
27 84 89
27 85 94
27 86 12
27 87 58
27 88 96
27 89 71
27 90 59
27 92 35
27 94 71
27 95 79
27 97 35
27 98 81
27 99 68
27 100 16
28 29 78
28 30 62
28 31 30
28 32 17
28 33 10
28 34 74
28 35 94
28 36 94
28 37 60
28 40 68
28 41 16
28 42 82
28 43 38
28 44 9
28 46 85
28 47 2
28 48 31
28 49 81
28 50 1
28 51 27
28 53 64
28 54 2
28 55 2
28 56 71
28 57 87
28 59 84
28 60 62
28 61 54
28 63 32
28 65 10
28 67 56
28 68 18
28 70 38
28 72 35
28 73 82
28 74 18
28 76 45
28 78 61
28 79 25
28 80 82
28 83 5
28 84 5
28 85 83
28 87 50
28 88 64
28 89 24
28 90 79
28 91 96
28 92 66
28 93 53
28 94 60
28 96 15
28 97 21
28 99 81
29 30 88
29 31 69
29 32 48
29 33 45
29 34 3
29 35 93
29 36 72
29 37 4
29 38 10
29 39 6
29 41 99
29 42 53
29 43 9
29 45 22
29 46 61
29 47 88
29 48 39
29 51 99
29 52 92
29 53 63
29 55 75
29 57 19
29 58 97
29 60 84
29 61 28
29 62 33
29 64 76
29 65 6
29 66 29
29 67 73
29 69 50
29 70 58
29 71 93
29 72 72
29 73 32
29 74 93
29 75 13
29 77 19
29 78 56
29 79 26
29 80 97
29 82 81
29 85 51
29 86 5
29 87 29
29 88 52
29 89 17
29 90 47
29 91 22
29 93 72
29 94 77
29 95 65
29 96 65
29 99 20
29 100 50
30 31 27
30 32 40
30 34 19
30 36 17
30 37 98
30 40 65
30 41 14
30 43 47
30 45 73
30 47 98
30 48 71
30 49 84
30 50 34
30 51 43
30 52 10
30 53 86
30 54 65
30 55 2
30 56 31
30 58 23
30 60 85
30 61 43
30 62 79
30 63 25
30 64 10
30 65 52
30 66 60
30 67 83
30 68 88
30 71 20
30 73 5
30 74 4
30 75 44
30 77 44
30 78 59
30 79 39
30 80 47
30 81 70
30 83 15
30 84 85
30 87 64
30 88 87
30 91 88
30 93 8
30 94 94
30 95 77
30 96 94
30 97 86
30 98 81
30 99 91
30 100 33
31 32 11
31 33 1
31 34 98
31 37 34
31 38 44
31 39 7
31 40 94
31 42 4
31 43 91
31 44 15
31 45 48
31 46 97
31 47 1
31 48 35
31 50 49
31 51 67
31 52 70
31 53 62
31 54 69
31 56 32
31 57 32
31 58 96
31 59 81
31 61 70
31 62 5
31 63 96
31 64 21
31 65 22
31 66 64
31 67 11
31 68 20
31 69 11
31 70 21
31 71 100
31 72 61
31 73 96
31 74 98
31 76 70
31 77 11
31 78 35
31 79 83
31 81 61
31 82 39
31 83 59
31 84 85
31 85 72
31 87 17
31 88 85
31 90 7
31 91 40
31 92 84
31 93 35
31 97 87
31 99 63
31 100 69
32 36 72
32 37 4
32 40 86
32 41 11
32 42 38
32 45 23
32 46 6
32 47 21
32 48 85
32 49 63
32 50 35
32 51 79
32 52 24
32 53 23
32 54 65
32 56 6
32 58 59
32 60 29
32 61 96
32 62 27
32 63 90
32 64 27
32 66 82
32 67 14
32 68 92
32 69 57
32 70 4
32 71 13
32 72 87
32 73 63
32 75 7
32 76 36
32 77 57
32 78 44
32 79 17
32 82 20
32 83 37
32 84 48
32 86 28
32 87 77
32 88 68
32 89 50
32 90 5
32 91 74
32 94 77
32 96 55
32 97 20
32 98 96
32 99 95
33 34 48
33 38 30
33 39 98
33 40 62
33 41 24
33 42 16
33 43 31
33 44 13
33 45 96
33 46 11
33 47 49
33 48 39
33 50 16
33 51 43
33 52 11
33 53 72
33 55 98
33 56 74
33 58 92
33 59 77
33 60 39
33 61 90
33 62 28
33 63 89
33 65 14
33 67 36
33 68 67
33 69 50
33 70 9
33 74 16
33 75 58
33 76 46
33 78 87
33 80 70
33 83 33
33 84 7
33 85 28
33 87 89
33 88 35
33 92 41
33 93 69
33 94 90
33 95 4
33 96 31
33 97 23
33 98 6
33 100 61
34 35 88
34 36 9
34 37 91
34 38 82
34 39 24
34 40 73
34 42 32
34 43 39
34 45 47
34 46 41
34 49 41
34 50 59
34 51 57
34 52 71
34 53 81
34 54 15
34 56 41
34 57 50
34 58 37
34 61 40
34 62 29
34 63 66
34 64 3
34 66 74
34 68 64
34 69 43
34 71 67
34 72 83
34 73 21
34 74 43
34 75 2
34 77 69
34 79 40
34 80 64
34 81 53
34 82 1
34 83 15
34 84 100
34 86 43
34 87 68
34 88 59
34 89 10
34 90 55
34 91 94
34 92 67
34 93 4
34 94 41
34 95 10
34 97 49
34 98 28
34 99 36
34 100 98
35 36 88
35 38 40
35 40 95
35 42 72
35 43 95
35 45 85
35 46 54
35 47 14
35 48 52
35 49 30
35 53 28
35 54 47
35 56 66
35 57 39
35 60 74
35 61 34
35 62 87
35 64 64
35 66 57
35 67 30
35 68 89
35 69 4
35 70 31
35 71 74
35 72 61
35 73 38
35 74 100
35 75 89
35 76 84
35 78 75
35 79 66
35 80 51
35 83 65
35 84 44
35 85 53
35 86 54
35 87 72
35 89 5
35 90 100
35 91 40
35 92 23
35 95 94
35 97 11
35 98 31
35 99 60
35 100 81
36 39 76
36 41 31
36 42 58
36 45 68
36 46 40
36 47 63
36 48 3
36 49 39
36 50 93
36 51 2
36 53 19
36 54 67
36 55 33
36 56 43
36 57 45
36 58 69
36 59 6
36 60 2
36 61 17
36 62 31
36 63 31
36 64 81
36 66 57
36 67 20
36 70 91
36 72 19
36 73 2
36 74 24
36 75 17
36 76 6
36 77 60
36 78 40
36 79 5
36 80 95
36 81 42
36 82 68
36 83 42
36 84 53
36 85 66
36 87 71
36 88 49
36 89 30
36 92 65
36 93 75
36 94 36
36 96 40
36 97 76
36 98 70
36 99 5
36 100 41
37 38 64
37 39 7
37 40 31
37 41 80
37 43 71
37 45 60
37 46 46
37 47 78
37 49 16
37 50 6
37 52 24
37 54 24
37 55 16
37 56 41
37 57 58
37 58 38
37 59 21
37 60 43
37 62 91
37 65 97
37 66 97
37 67 69
37 68 23
37 69 26
37 70 52
37 71 82
37 72 41
37 73 83
37 74 5
37 75 45
37 76 37
37 77 82
37 79 74
37 81 57
37 83 19
37 84 35
37 87 91
37 88 73
37 89 65
37 90 5
37 91 28
37 92 9
37 93 44
37 94 38
37 95 92
37 96 18
37 97 28
37 99 33
37 100 17
38 39 36
38 40 28
38 41 48
38 42 2
38 43 100
38 44 45
38 46 21
38 47 84
38 49 3
38 50 28
38 51 18
38 53 21
38 54 57
38 57 18
38 58 43
38 59 83
38 60 71
38 61 51
38 62 56
38 64 86
38 65 89
38 67 82
38 68 51
38 69 39
38 70 38
38 71 52
38 72 40
38 74 14
38 75 79
38 76 51
38 77 64
38 78 94
38 79 40
38 80 23
38 81 72
38 82 44
38 83 82
38 84 72
38 85 27
38 87 56
38 88 67
38 89 78
38 91 52
38 93 30
38 94 73
38 95 38
38 96 65
38 100 65
39 40 40
39 41 65
39 42 86
39 43 29
39 45 87
39 46 60
39 48 30
39 51 25
39 52 45
39 53 10
39 54 31
39 55 79
39 61 69
39 62 25
39 63 2
39 64 36
39 66 94
39 67 73
39 68 51
39 69 61
39 70 58
39 72 7
39 75 4
39 78 55
39 79 2
39 80 78
39 81 50
39 82 27
39 83 87
39 84 98
39 85 79
39 88 52
39 89 40
39 90 94
39 91 87
39 94 17
39 95 83
39 96 50
39 97 88
39 98 98
39 99 26
39 100 33
40 41 93
40 44 6
40 45 27
40 46 97
40 50 87
40 51 51
40 52 90
40 53 24
40 54 69
40 55 99
40 57 16
40 58 6
40 59 45
40 60 80
40 61 35
40 62 3
40 63 91
40 65 18
40 67 72
40 68 95
40 70 98
40 72 9
40 76 83
40 77 16
40 78 11
40 79 70
40 80 18
40 84 17
40 85 20
40 86 39
40 87 21
40 88 61
40 89 96
40 90 16
40 91 49
40 92 50
40 94 100
40 95 9
40 97 68
40 98 17
40 100 43
41 42 34
41 45 17
41 46 14
41 47 100
41 48 45
41 50 3
41 52 67
41 53 91
41 54 68
41 55 35
41 56 23
41 57 22
41 58 77
41 59 62
41 60 58
41 62 21
41 63 67
41 64 45
41 65 42
41 66 84
41 68 46
41 70 88
41 71 31
41 72 45
41 74 11
41 76 26
41 77 69
41 78 85
41 79 89
41 80 36
41 82 24
41 83 82
41 85 94
41 87 44
41 88 37
41 89 44
41 90 25
41 91 71
41 93 69
41 94 86
41 95 75
41 96 7
41 98 14
41 99 75
41 100 11
42 43 28
42 44 9
42 45 5
42 47 51
42 49 97
42 50 89
42 51 98
42 52 63
42 53 95
42 55 21
42 56 38
42 57 55
42 60 27
42 62 54
42 63 41
42 65 86
42 67 26
42 68 100
42 69 63
42 70 76
42 71 76
42 72 91
42 73 68
42 74 95
42 75 93
42 76 87
42 77 30
42 78 39
42 79 73
42 80 68
42 81 82
42 84 31
42 86 33
42 87 7
42 88 2
42 89 99
42 90 75
42 92 76
42 94 51
42 96 31
42 98 56
42 99 7
42 100 42
43 44 69
43 45 29
43 46 25
43 48 54
43 49 69
43 50 82
43 51 100
43 52 59
43 54 31
43 55 68
43 56 36
43 57 54
43 59 31
43 60 18
43 61 19
43 62 2
43 63 46
43 64 14
43 67 2
43 68 5
43 69 95
43 70 53
43 71 30
43 72 93
43 73 4
43 75 44
43 76 72
43 77 32
43 78 88
43 79 83
43 82 70
43 83 23
43 84 95
43 85 61
43 86 2
43 89 29
43 91 62
43 92 45
43 94 77
43 95 59
43 99 9
44 45 20
44 47 94
44 48 89
44 50 85
44 51 71
44 53 30
44 55 80
44 57 13
44 58 70
44 59 59
44 60 10
44 61 28
44 62 76
44 64 80
44 65 98
44 66 69
44 67 37
44 68 7
44 69 3
44 70 19
44 71 6
44 72 86
44 75 29
44 76 26
44 78 59
44 79 82
44 80 88
44 81 53
44 82 97
44 83 89
44 84 60
44 86 81
44 88 77
44 89 12
44 91 38
44 92 62
44 93 34
44 94 5
44 95 31
44 96 24
44 98 66
44 100 32
45 46 53
45 47 31
45 48 37
45 49 3
45 50 99
45 51 92
45 52 30
45 54 59
45 55 28
45 56 20
45 58 71
45 59 52
45 60 37
45 61 31
45 62 56
45 66 93
45 67 60
45 68 59
45 69 84
45 70 74
45 71 89
45 72 66
45 73 33
45 74 95
45 76 91
45 77 62
45 79 11
45 80 25
45 81 21
45 82 96
45 83 41
45 84 40
45 85 52
45 86 75
45 88 48
45 89 71
45 91 9
45 92 47
45 96 68
45 97 74
45 99 67
45 100 80
46 47 66
46 48 46
46 49 65
46 50 39
46 51 74
46 52 91
46 53 32
46 54 52
46 55 86
46 56 79
46 57 40
46 58 25
46 59 89
46 60 61
46 61 65
46 62 81
46 63 65
46 64 72
46 65 4
46 66 28
46 68 47
46 69 55
46 71 30
46 72 92
46 73 32
46 74 1
46 76 47
46 77 1
46 79 32
46 80 56
46 81 31
46 83 95
46 86 55
46 87 82
46 88 8
46 90 78
46 91 72
46 92 16
46 93 42
46 97 50
46 99 78
46 100 25
47 49 36
47 50 77
47 53 41
47 54 63
47 55 18
47 56 99
47 58 53
47 59 92
47 60 60
47 61 98
47 62 88
47 63 76
47 64 77
47 66 32
47 68 74
47 69 85
47 71 47
47 72 81
47 73 92
47 74 25
47 75 93
47 76 4
47 78 3
47 79 86
47 80 82
47 81 26
47 83 81
47 84 30
47 85 59
47 86 29
47 87 43
47 88 59
47 89 2
47 90 7
47 92 6
47 93 94
47 94 24
47 95 9
47 96 42
47 97 69
47 98 23
47 99 56
47 100 52
48 49 51
48 50 7
48 51 49
48 52 28
48 53 89
48 54 57
48 55 40
48 58 13
48 59 86
48 61 33
48 62 11
48 63 3
48 64 2
48 65 5
48 66 19
48 67 39
48 68 44
48 70 4
48 71 89
48 72 41
48 73 98
48 74 38
48 77 39
48 79 84
48 80 77
48 81 36
48 83 57
48 85 94
48 86 23
48 87 89
48 88 72
48 91 92
48 92 34
48 93 52
48 94 77
48 95 31
48 97 51
48 98 23
49 50 47
49 51 47
49 52 88
49 53 13
49 54 14
49 55 79
49 56 81
49 57 79
49 58 69
49 59 42
49 61 81
49 62 73
49 64 59
49 65 55
49 66 20
49 67 74
49 69 38
49 71 37
49 72 21
49 73 70
49 75 65
49 77 47
49 78 66
49 79 87
49 80 13
49 81 38
49 84 49
49 85 76
49 86 6
49 90 60
49 93 29
49 94 50
49 95 5
49 96 87
49 97 92
49 98 7
49 99 67
50 51 29
50 52 2
50 53 60
50 54 73
50 55 21
50 57 10
50 58 67
50 60 24
50 61 38
50 62 83
50 63 11
50 65 46
50 66 93
50 67 62
50 68 34
50 69 22
50 70 17
50 71 41
50 72 33
50 73 21
50 74 37
50 77 84
50 78 68
50 80 89
50 81 4
50 82 45
50 83 55
50 84 72
50 85 64
50 87 42
50 88 70
50 89 31
50 91 5
50 92 61
50 93 28
50 94 88
50 96 38
50 97 14
50 100 85
51 52 58
51 53 77
51 54 81
51 56 32
51 58 12
51 60 54
51 61 31
51 63 26
51 64 92
51 65 57
51 67 11
51 68 97
51 69 80
51 71 34
51 72 89
51 73 49
51 74 70
51 75 78
51 76 61
51 77 33
51 79 74
51 80 37
51 81 2
51 82 6
51 83 58
51 86 1
51 87 71
51 89 33
51 90 95
51 91 80
51 93 50
51 94 32
51 96 42
51 97 67
51 98 99
51 99 55
52 54 81
52 55 14
52 57 39
52 58 9
52 59 52
52 61 68
52 62 11
52 64 97
52 66 16
52 67 28
52 69 13
52 71 63
52 73 89
52 74 87
52 76 7
52 77 54
52 78 65
52 81 17
52 82 68
52 83 62
52 84 20
52 85 54
52 86 91
52 88 70
52 89 18
52 90 27
52 92 70
52 93 88
52 94 3
52 95 4
52 96 11
52 97 94
52 98 27
52 99 11
52 100 17
53 54 96
53 56 29
53 57 17
53 58 81
53 60 10
53 61 18
53 65 25
53 68 100
53 69 23
53 70 26
53 71 34
53 72 79
53 73 31
53 74 54
53 75 25
53 76 10
53 78 23
53 80 58
53 82 43
53 83 10
53 85 37
53 86 13
53 88 5
53 89 95
53 91 85
53 92 93
53 93 51
53 94 96
53 95 75
53 96 15
53 98 8
53 99 65
53 100 39
54 56 68
54 57 39
54 58 33
54 60 34
54 61 43
54 63 79
54 64 19
54 65 38
54 66 3
54 67 74
54 68 37
54 69 12
54 73 27
54 74 82
54 76 54
54 77 51
54 79 52
54 80 28
54 82 24
54 83 76
54 84 90
54 85 39
54 86 23
54 87 30
54 88 41
54 89 82
54 90 100
54 91 10
54 92 44
54 93 98
54 94 33
54 95 52
54 96 46
54 97 66
54 100 1
55 56 71
55 57 36
55 58 29
55 59 1
55 60 48
55 62 79
55 63 79
55 64 6
55 65 41
55 66 5
55 67 68
55 68 22
55 69 73
55 71 76
55 72 63
55 74 23
55 75 63
55 77 83
55 79 75
55 80 76
55 81 23
55 82 63
55 85 94
55 86 31
55 87 83
55 88 11
55 89 6
55 90 67
55 91 89
55 93 93
55 94 3
55 95 69
55 97 73
55 100 86
56 57 23
56 58 14
56 59 58
56 60 41
56 61 23
56 63 53
56 64 56
56 65 42
56 66 50
56 68 9
56 69 36
56 70 69
56 71 17
56 72 33
56 74 81
56 75 10
56 76 24
56 77 88
56 80 51
56 81 41
56 82 74
56 84 80
56 85 85
56 86 1
56 90 28
56 91 69
56 95 93
56 97 7
56 98 58
57 58 66
57 59 46
57 60 93
57 61 58
57 63 66
57 65 88
57 66 76
57 67 31
57 68 61
57 70 14
57 71 88
57 73 72
57 75 41
57 76 68
57 78 5
57 79 91
57 81 11
57 82 61
57 83 76
57 85 63
57 86 20
57 87 69
57 89 21
57 90 2
57 92 74
57 94 79
57 97 73
57 100 89
58 59 93
58 60 79
58 62 97
58 63 4
58 64 15
58 65 58
58 68 83
58 69 31
58 71 52
58 73 14
58 74 79
58 76 36
58 77 79
58 78 22
58 79 48
58 80 74
58 81 96
58 82 49
58 83 25
58 84 89
58 85 81
58 87 48
58 88 54
58 89 17
58 90 59
58 94 21
58 96 34
58 97 74
58 98 23
58 99 10
58 100 6
59 60 35
59 61 27
59 62 47
59 63 95
59 65 96
59 70 34
59 71 53
59 72 94
59 74 98
59 75 7
59 76 95
59 77 1
59 80 62
59 81 72
59 82 72
59 83 18
59 85 70
59 86 67
59 87 85
59 90 79
59 91 26
59 93 62
59 94 44
59 95 9
59 96 69
59 98 80
59 100 30
60 62 84
60 65 95
60 66 36
60 67 36
60 69 33
60 70 82
60 71 9
60 72 75
60 73 80
60 75 12
60 77 8
60 78 36
60 79 77
60 80 2
60 81 81
60 82 64
60 84 99
60 87 51
60 88 50
60 89 26
60 90 38
60 91 74
60 92 61
60 93 55
60 96 77
60 97 41
61 63 80
61 64 70
61 65 15
61 66 68
61 68 80
61 70 52
61 72 68
61 73 63
61 74 8
61 75 7
61 77 15
61 78 91
61 80 69
61 81 6
61 82 77
61 83 24
61 84 73
61 85 44
61 87 91
61 88 74
61 89 21
61 92 17
61 93 38
61 96 66
61 97 83
61 98 58
61 99 15
61 100 37
62 63 21
62 64 34
62 65 67
62 67 54
62 70 57
62 71 23
62 72 2
62 73 75
62 74 51
62 75 44
62 76 99
62 77 21
62 78 44
62 80 83
62 82 86
62 84 95
62 85 78
62 86 92
62 87 2
62 88 63
62 91 11
62 92 24
62 93 12
62 94 72
62 95 70
62 96 90
62 97 33
62 98 69
62 99 4
62 100 2
63 65 28
63 66 53
63 67 45
63 68 53
63 69 78
63 70 77
63 71 6
63 72 84
63 73 100
63 75 85
63 77 97
63 81 88
63 83 42
63 85 5
63 86 94
63 87 20
63 88 59
63 89 60
63 90 88
63 92 75
63 94 99
63 95 33
63 96 74
63 97 7
63 99 61
63 100 86
64 65 39
64 67 4
64 69 36
64 70 25
64 71 35
64 72 51
64 73 62
64 75 74
64 76 55
64 77 25
64 78 85
64 80 75
64 82 90
64 83 5
64 85 76
64 86 28
64 87 73
64 88 43
64 89 36
64 90 58
64 91 35
64 92 94
64 93 85
64 94 13
64 95 3
64 97 74
64 98 63
64 99 16
64 100 81
65 66 71
65 68 89
65 69 68
65 70 76
65 71 22
65 72 33
65 73 92
65 74 73
65 76 97
65 77 82
65 78 5
65 79 69
65 81 67
65 83 5
65 86 52
65 87 65
65 89 100
65 90 90
65 91 12
65 92 88
65 93 78
65 95 65
65 97 72
65 98 73
65 99 61
65 100 43
66 67 86
66 68 68
66 69 63
66 70 31
66 71 44
66 72 15
66 73 89
66 75 16
66 76 2
66 77 56
66 80 13
66 81 15
66 82 67
66 83 54
66 84 78
66 85 18
66 89 22
66 90 39
66 91 6
66 92 47
66 93 27
66 95 18
66 97 30
66 99 48
67 68 93
67 69 13
67 71 12
67 72 6
67 74 52
67 75 37
67 76 38
67 78 97
67 79 67
67 80 41
67 81 63
67 82 3
67 83 88
67 87 44
67 88 34
67 89 32
67 90 58
67 91 50
67 92 90
67 94 83
67 95 85
67 97 78
67 98 9
67 99 17
67 100 43
68 69 42
68 71 100
68 72 60
68 73 54
68 75 78
68 76 81
68 78 26
68 80 41
68 81 67
68 84 78
68 87 97
68 88 82
68 89 77
68 90 68
68 92 98
68 93 32
68 94 94
68 95 32
68 96 10
68 97 74
68 98 91
68 99 55
69 71 20
69 72 32
69 73 4
69 74 80
69 76 94
69 79 49
69 80 34
69 81 56
69 82 62
69 83 19
69 85 16
69 86 9
69 89 79
69 90 97
69 91 50
69 92 51
69 93 50
69 94 27
69 96 77
69 97 7
69 98 15
69 100 96
70 71 39
70 72 48
70 73 89
70 74 58
70 75 49
70 76 6
70 79 4
70 83 91
70 84 10
70 85 20
70 86 43
70 87 4
70 88 17
70 89 70
70 91 44
70 92 29
70 93 87
70 94 43
70 96 33
70 97 33
70 98 48
70 100 50
71 73 32
71 74 54
71 75 98
71 76 93
71 77 18
71 78 8
71 80 48
71 81 66
71 82 96
71 83 4
71 84 50
71 86 5
71 87 49
71 88 88
71 89 78
71 91 38
71 92 55
71 94 75
71 95 58
71 96 6
71 97 58
71 98 34
71 99 13
72 73 43
72 74 17
72 75 49
72 80 32
72 81 97
72 82 54
72 83 54
72 84 53
72 85 4
72 87 34
72 89 14
72 90 55
72 91 6
72 93 85
72 97 80
72 99 57
72 100 57
73 74 37
73 75 10
73 78 51
73 79 23
73 81 18
73 82 45
73 83 89
73 84 29
73 85 92
73 86 60
73 89 71
73 90 65
73 91 73
73 94 80
73 95 13
73 96 2
73 97 70
73 98 22
73 99 88
73 100 9
74 75 93
74 77 90
74 78 77
74 79 62
74 82 28
74 83 94
74 84 9
74 85 15
74 86 80
74 87 65
74 88 53
74 91 5
74 92 54
74 93 43
74 95 72
74 97 94
74 98 56
74 99 79
75 76 53
75 77 56
75 78 57
75 79 17
75 80 94
75 82 83
75 83 22
75 85 58
75 86 15
75 87 80
75 89 95
75 91 30
75 92 20
75 93 75
75 94 16
75 95 12
75 96 94
75 98 53
75 99 4
75 100 7
76 77 89
76 78 80
76 79 59
76 80 9
76 83 5
76 84 44
76 89 97
76 90 89
76 92 73
76 93 53
76 94 88
76 95 53
76 97 35
76 98 56
76 99 1
76 100 94
77 78 6
77 79 87
77 81 25
77 82 70
77 83 73
77 84 89
77 85 92
77 86 48
77 87 29
77 88 80
77 89 9
77 90 85
77 92 16
77 93 1
77 94 4
77 95 10
77 96 60
77 97 27
77 98 85
77 99 59
77 100 92
78 80 18
78 81 12
78 83 5
78 84 51
78 85 49
78 86 1
78 87 39
78 88 20
78 89 24
78 91 98
78 92 57
78 93 22
78 94 43
78 95 72
78 96 49
78 97 6
78 99 16
78 100 81
79 81 85
79 82 46
79 83 63
79 84 45
79 85 91
79 87 29
79 89 56
79 91 71
79 92 40
79 93 4
79 94 30
79 98 78
79 99 66
80 82 65
80 83 70
80 84 43
80 85 13
80 86 56
80 87 45
80 88 88
80 89 15
80 90 14
80 91 21
80 92 91
80 95 63
80 96 73
80 97 97
80 98 19
80 99 85
80 100 79
81 82 53
81 83 99
81 84 2
81 85 40
81 86 90
81 87 14
81 88 73
81 89 56
81 91 35
81 92 65
81 93 76
81 95 91
81 96 45
81 97 69
81 99 34
82 84 89
82 85 35
82 86 43
82 87 25
82 88 69
82 89 11
82 91 74
82 92 2
82 93 2
82 94 50
82 95 90
82 96 65
82 97 49
82 98 64
82 99 6
83 84 70
83 86 61
83 87 73
83 88 1
83 89 86
83 90 44
83 91 94
83 92 53
83 93 81
83 94 62
83 98 46
83 99 6
83 100 70
84 87 11
84 88 20
84 89 55
84 90 82
84 91 50
84 93 57
84 94 56
84 95 33
84 96 63
84 97 66
84 98 51
84 99 36
84 100 62
85 86 44
85 87 84
85 89 58
85 92 77
85 94 26
85 95 27
85 98 54
85 99 73
85 100 93
86 88 40
86 89 80
86 91 71
86 92 45
86 93 30
86 95 90
86 97 64
86 98 74
86 99 98
86 100 32
87 89 19
87 90 99
87 91 48
87 92 34
87 93 36
87 94 99
87 95 77
87 96 48
87 98 22
87 99 9
87 100 17
88 89 78
88 90 66
88 91 53
88 93 28
88 94 25
88 95 88
88 96 55
88 98 53
88 100 60
89 90 3
89 91 14
89 93 23
89 94 60
89 95 73
89 96 3
89 98 56
89 100 40
90 91 63
90 92 51
90 94 36
90 95 97
90 96 4
90 99 5
90 100 60
91 92 56
91 93 61
91 94 50
91 96 80
91 97 15
91 98 85
91 100 46
92 94 59
92 95 70
92 97 86
92 99 89
92 100 74
93 94 2
93 95 13
93 97 14
93 99 51
93 100 35
94 95 20
94 96 53
94 97 99
94 98 55
94 99 45
94 100 76
95 97 83
95 98 65
95 99 59
95 100 91
96 97 7
96 99 89
96 100 47
97 98 73
97 100 30
98 99 53
