100 1225
1 2 79
1 5 66
1 7 27
1 30 75
1 31 10
1 32 10
1 34 59
1 35 9
1 37 42
1 46 11
1 51 3
1 64 20
1 71 72
1 73 98
1 74 2
1 80 16
1 85 16
1 87 39
1 88 87
1 93 12
1 95 96
1 97 24
2 3 50
2 6 39
2 9 86
2 11 80
2 14 6
2 18 76
2 21 100
2 26 42
2 27 57
2 28 44
2 31 84
2 35 84
2 39 68
2 42 34
2 45 80
2 51 65
2 53 46
2 54 87
2 56 9
2 59 50
2 61 100
2 67 31
2 70 68
2 71 10
2 75 33
2 76 21
2 77 87
2 78 66
2 85 88
2 88 80
2 89 62
2 93 17
2 100 9
3 5 29
3 9 7
3 13 76
3 17 8
3 21 98
3 24 58
3 27 74
3 29 36
3 38 87
3 41 29
3 42 100
3 45 71
3 46 63
3 48 74
3 49 31
3 54 53
3 59 39
3 62 38
3 68 61
3 76 26
3 78 1
3 80 48
3 82 73
3 86 89
3 91 10
3 92 81
3 96 71
3 97 60
3 98 30
3 99 15
4 5 59
4 9 98
4 13 2
4 17 27
4 18 28
4 20 17
4 45 41
4 49 1
4 52 46
4 58 92
4 60 49
4 63 56
4 64 34
4 65 37
4 67 16
4 72 91
4 79 5
4 82 10
4 83 97
4 90 2
4 93 65
4 95 71
4 100 49
5 7 15
5 10 52
5 11 70
5 14 73
5 15 32
5 26 53
5 27 70
5 33 84
5 42 46
5 44 50
5 46 21
5 55 64
5 57 40
5 59 82
5 60 63
5 62 6
5 68 21
5 73 84
5 74 33
5 78 77
5 85 1
5 88 60
5 89 22
5 93 21
5 95 74
5 98 44
6 22 18
6 24 40
6 27 6
6 29 84
6 35 26
6 39 95
6 45 41
6 59 40
6 61 70
6 65 45
6 66 18
6 70 15
6 71 94
6 72 71
6 79 26
6 81 61
6 85 32
6 92 28
6 95 89
6 98 7
6 100 25
7 16 59
7 18 52
7 24 18
7 25 70
7 33 65
7 37 55
7 39 61
7 41 63
7 48 52
7 57 59
7 59 2
7 60 87
7 61 83
7 63 5
7 68 79
7 70 84
7 74 24
7 76 50
7 77 39
7 79 20
7 83 64
7 87 77
7 93 9
7 99 58
8 13 39
8 15 69
8 16 3
8 17 93
8 19 99
8 22 8
8 30 62
8 32 49
8 37 12
8 42 37
8 43 36
8 45 43
8 54 96
8 57 78
8 59 86
8 65 3
8 72 94
8 73 89
8 75 33
8 82 14
8 83 48
8 90 63
8 97 84
9 11 21
9 15 54
9 16 73
9 17 47
9 20 9
9 21 53
9 26 62
9 34 34
9 35 63
9 41 22
9 49 75
9 54 38
9 56 67
9 60 84
9 62 28
9 63 39
9 71 83
9 78 23
9 83 82
9 85 91
9 86 58
9 87 87
9 91 25
9 94 98
9 95 60
9 96 13
9 98 28
10 11 33
10 12 40
10 14 61
10 15 79
10 23 32
10 26 89
10 27 68
10 38 28
10 42 56
10 58 45
10 61 54
10 63 54
10 69 16
10 74 77
10 76 83
10 77 28
10 78 69
10 80 25
10 81 97
10 85 73
10 94 52
11 21 28
11 25 54
11 26 63
11 28 41
11 32 80
11 33 42
11 41 52
11 42 22
11 43 2
11 47 31
11 52 52
11 60 31
11 62 5
11 69 52
11 75 78
11 78 8
11 79 1
11 83 45
11 86 52
11 89 13
11 94 53
11 99 3
12 15 10
12 17 35
12 26 86
12 35 56
12 50 94
12 51 38
12 53 73
12 61 55
12 64 35
12 65 7
12 70 89
12 72 16
12 74 26
12 78 89
12 80 59
12 87 65
12 88 96
12 95 10
13 18 21
13 20 44
13 21 86
13 32 12
13 35 41
13 41 3
13 50 12
13 54 99
13 55 93
13 68 84
13 71 25
13 73 8
13 78 22
13 80 86
13 83 83
13 85 94
13 91 77
13 96 52
14 18 94
14 22 77
14 24 68
14 25 52
14 29 61
14 31 96
14 33 91
14 41 42
14 44 63
14 45 58
14 47 55
14 48 30
14 51 72
14 54 2
14 62 1
14 64 57
14 71 94
14 73 99
14 74 70
14 76 63
14 83 34
14 85 36
14 96 41
14 99 92
15 16 25
15 17 53
15 19 11
15 31 7
15 32 77
15 34 83
15 39 83
15 40 49
15 42 47
15 43 51
15 46 52
15 49 13
15 63 51
15 71 37
15 72 63
15 73 71
15 79 38
15 81 17
15 83 48
15 85 22
15 86 61
15 88 25
15 90 16
15 96 60
16 17 23
16 19 17
16 20 82
16 29 53
16 37 9
16 40 57
16 43 7
16 44 79
16 47 42
16 51 2
16 52 88
16 55 86
16 65 64
16 75 23
16 84 69
16 87 63
16 89 81
16 90 40
16 91 83
17 22 46
17 24 54
17 27 8
17 29 38
17 31 76
17 33 63
17 39 84
17 40 7
17 49 16
17 50 13
17 51 32
17 61 6
17 62 22
17 67 85
17 73 96
17 86 60
17 87 55
17 88 26
17 96 94
17 100 65
18 20 26
18 21 16
18 22 20
18 24 60
18 25 84
18 27 46
18 30 46
18 39 31
18 47 46
18 52 27
18 55 37
18 57 65
18 59 63
18 63 60
18 68 16
18 70 78
18 74 71
18 75 56
18 76 4
18 81 41
18 83 79
18 88 16
18 95 93
18 96 29
19 22 59
19 23 73
19 24 83
19 30 42
19 42 44
19 43 41
19 45 21
19 51 64
19 56 21
19 60 18
19 61 82
19 66 11
19 74 24
19 78 12
19 83 22
19 91 26
20 22 37
20 25 40
20 26 90
20 30 61
20 31 83
20 33 65
20 34 27
20 40 15
20 42 95
20 44 37
20 48 17
20 51 17
20 55 6
20 61 34
20 72 34
20 73 38
20 76 30
20 79 76
20 90 71
20 92 24
20 93 19
20 94 61
21 23 76
21 26 73
21 35 44
21 37 67
21 42 47
21 49 32
21 59 56
21 60 83
21 66 10
21 67 11
21 72 41
21 77 85
21 81 25
21 86 5
21 87 19
21 94 80
21 95 86
22 27 38
22 28 96
22 33 54
22 35 38
22 38 95
22 46 32
22 51 58
22 53 82
22 57 41
22 63 73
22 65 69
22 67 3
22 68 66
22 71 53
22 77 34
22 81 14
23 39 84
23 40 83
23 51 65
23 53 26
23 55 61
23 57 83
23 64 69
23 67 29
23 68 46
23 69 14
23 73 100
23 85 45
23 87 39
23 88 87
23 94 87
23 95 8
23 96 59
23 98 42
23 100 22
24 26 51
24 27 61
24 28 98
24 29 51
24 33 6
24 36 71
24 40 42
24 41 16
24 44 35
24 46 24
24 50 77
24 51 85
24 53 34
24 56 20
24 58 60
24 65 64
24 70 11
24 71 77
24 73 63
24 81 83
24 85 27
24 91 88
24 92 2
24 97 26
25 30 77
25 34 93
25 38 31
25 47 90
25 51 40
25 56 74
25 58 40
25 62 95
25 65 55
25 80 87
25 84 37
25 88 29
25 91 34
25 96 14
26 28 84
26 30 89
26 31 25
26 32 41
26 34 35
26 36 43
26 42 57
26 46 65
26 50 46
26 58 98
26 61 62
26 63 100
26 64 33
26 69 28
26 71 77
26 72 1
26 77 71
26 80 9
26 81 13
26 84 56
26 92 41
26 98 40
26 100 60
27 29 28
27 31 31
27 34 46
27 40 20
27 59 25
27 60 83
27 63 41
27 64 9
27 73 83
27 78 23
27 79 44
27 82 15
27 85 76
27 87 97
27 88 19
27 97 57
27 98 57
28 30 56
28 31 83
28 32 86
28 35 69
28 39 80
28 41 92
28 56 73
28 58 72
28 60 70
28 61 90
28 64 43
28 69 51
28 72 86
28 75 75
28 76 45
28 85 83
28 86 36
28 90 93
28 94 87
28 96 69
28 99 16
29 37 18
29 39 79
29 43 10
29 45 62
29 48 71
29 54 93
29 75 75
29 89 70
29 92 73
29 93 38
29 95 85
29 96 74
30 31 83
30 33 3
30 49 59
30 55 17
30 58 25
30 60 64
30 61 26
30 64 49
30 69 87
30 71 39
30 72 22
30 73 98
30 76 3
30 80 2
30 94 88
30 95 77
31 36 81
31 42 78
31 56 23
31 62 70
31 63 57
31 67 76
31 73 30
31 75 39
31 76 19
31 79 82
31 81 80
31 87 17
31 90 57
31 91 74
31 96 11
32 33 64
32 34 67
32 35 43
32 36 2
32 37 38
32 42 48
32 43 66
32 54 63
32 56 5
32 57 96
32 58 4
32 61 75
32 64 61
32 79 15
32 83 94
32 88 60
32 98 81
32 99 77
33 41 60
33 43 15
33 44 53
33 56 18
33 59 33
33 63 12
33 69 23
33 75 20
33 77 75
33 79 67
33 80 35
33 86 78
34 43 56
34 46 6
34 47 14
34 49 53
34 50 49
34 51 34
34 55 93
34 61 74
34 63 12
34 65 29
34 66 71
34 72 66
34 75 45
34 78 18
34 81 10
34 84 12
34 85 48
34 87 84
34 93 84
34 100 48
35 41 21
35 43 9
35 47 82
35 53 27
35 55 19
35 57 7
35 59 71
35 60 84
35 63 29
35 64 100
35 69 36
35 71 18
35 74 96
35 75 12
35 76 40
35 80 60
35 85 19
35 87 52
35 88 50
35 89 89
35 91 36
35 94 62
36 43 21
36 45 41
36 54 89
36 55 60
36 56 100
36 68 76
36 70 65
36 73 22
36 90 79
36 97 23
36 99 13
36 100 97
37 42 29
37 45 17
37 48 11
37 50 70
37 51 96
37 53 81
37 59 70
37 63 82
37 64 83
37 65 37
37 71 59
37 73 84
37 75 66
37 83 51
37 84 60
37 89 25
37 99 16
38 40 34
38 41 97
38 54 57
38 62 58
38 64 34
38 67 24
38 68 85
38 74 30
38 80 55
38 85 67
38 86 52
38 88 77
38 89 98
38 94 55
38 98 30
38 100 9
39 41 14
39 45 11
39 47 75
39 50 36
39 54 98
39 55 99
39 56 81
39 58 25
39 59 23
39 67 72
39 69 65
39 72 92
39 73 74
39 82 20
40 47 98
40 48 46
40 55 91
40 56 91
40 62 27
40 64 83
40 65 60
40 70 75
40 72 62
40 74 16
40 75 12
40 80 71
40 81 17
40 87 4
40 88 22
40 93 83
40 94 94
40 95 19
41 42 4
41 43 85
41 46 17
41 48 19
41 53 29
41 54 80
41 57 56
41 58 58
41 59 83
41 64 1
41 65 21
41 76 32
41 88 64
41 89 84
41 92 38
41 93 46
41 95 15
41 99 79
42 43 49
42 50 8
42 56 31
42 59 41
42 60 98
42 65 97
42 71 12
42 74 15
42 82 87
42 94 28
42 99 59
43 44 41
43 46 25
43 50 40
43 53 73
43 54 52
43 56 93
43 63 65
43 65 56
43 71 42
43 82 98
43 85 37
43 90 3
43 97 75
44 49 18
44 50 41
44 51 71
44 60 22
44 61 15
44 62 10
44 68 20
44 72 10
44 73 13
44 82 31
44 83 75
44 91 66
44 93 66
44 97 89
45 46 48
45 48 85
45 54 55
45 59 85
45 67 87
45 69 43
45 71 74
45 72 91
45 80 89
45 86 41
45 87 84
45 88 21
45 90 25
45 92 49
45 100 83
46 56 24
46 61 12
46 63 98
46 66 44
46 70 32
46 74 92
46 75 71
46 78 52
46 83 13
46 90 28
46 96 30
46 98 76
46 99 26
47 48 7
47 49 25
47 52 13
47 56 19
47 62 30
47 70 14
47 71 52
47 76 46
47 79 50
47 82 59
47 84 9
47 93 14
47 98 48
48 49 20
48 50 37
48 55 4
48 57 13
48 67 15
48 68 18
48 71 76
48 74 97
48 78 33
48 82 46
48 85 56
48 89 90
48 92 37
48 94 10
48 95 37
48 99 29
49 56 44
49 58 56
49 64 27
49 67 24
49 85 16
49 86 53
49 88 22
49 90 84
49 99 16
49 100 30
50 57 90
50 61 39
50 62 55
50 65 10
50 66 24
50 70 92
50 71 31
50 90 88
50 92 64
50 94 70
51 56 15
51 58 68
51 60 55
51 61 2
51 63 27
51 65 24
51 72 57
51 79 99
51 80 47
51 81 59
51 84 43
51 85 32
51 89 65
52 55 62
52 59 88
52 61 6
52 71 7
52 75 25
52 78 69
52 93 25
52 94 88
52 96 8
52 98 10
52 99 56
53 54 30
53 58 65
53 60 43
53 75 41
53 84 72
53 92 38
53 98 91
54 55 26
54 57 65
54 58 82
54 59 91
54 66 52
54 68 73
54 71 52
54 74 34
54 77 74
54 78 86
54 79 18
54 84 42
54 90 45
54 92 62
55 56 100
55 60 71
55 61 32
55 64 45
55 70 44
55 72 75
55 77 2
55 83 70
55 90 87
55 96 11
55 98 45
55 99 65
56 57 39
56 59 50
56 62 84
56 63 32
56 65 24
56 69 68
56 70 31
56 75 38
56 78 68
56 91 60
57 65 40
57 78 41
57 82 34
57 86 79
57 87 36
57 90 49
57 93 89
57 98 37
58 64 94
58 68 46
58 77 85
58 82 39
58 86 31
58 89 95
58 92 23
59 60 46
59 62 95
59 66 76
59 71 92
59 73 6
59 80 21
59 86 36
59 91 52
60 70 54
60 75 84
60 77 89
60 79 88
60 80 72
60 84 8
60 90 90
60 91 92
60 92 100
60 93 60
60 96 70
61 65 88
61 70 9
61 71 62
61 80 49
61 81 23
61 82 24
61 89 45
61 91 71
61 93 12
61 96 15
62 70 21
62 72 65
62 76 96
62 79 94
62 91 88
62 92 80
62 98 88
62 99 43
62 100 15
63 64 3
63 66 50
63 71 91
63 72 30
63 74 4
63 85 90
63 87 49
63 89 45
63 100 60
64 66 73
64 90 84
64 99 97
64 100 80
65 81 86
65 84 100
65 85 33
65 89 27
65 90 65
65 91 21
65 97 81
65 98 80
65 99 46
65 100 57
66 69 59
66 79 32
66 80 62
66 92 91
66 94 22
66 97 86
66 100 10
67 72 3
67 74 13
67 80 43
67 86 23
67 90 93
67 91 84
67 93 35
68 80 65
68 82 33
68 86 90
68 90 50
68 94 66
69 77 46
69 81 23
69 87 48
69 89 90
69 97 89
69 98 85
69 100 97
70 77 11
70 87 19
70 93 63
70 94 92
70 96 50
70 98 55
70 99 53
71 73 6
71 81 50
71 84 52
71 86 54
71 94 86
71 96 54
71 100 57
72 73 43
72 82 100
72 84 46
72 86 49
72 87 2
72 91 85
72 98 57
72 100 9
73 78 79
73 80 75
73 81 8
73 83 93
73 84 39
73 86 44
73 87 16
73 88 13
73 92 89
73 96 43
74 80 70
74 86 68
74 100 96
75 77 23
75 80 59
75 85 56
75 89 6
75 94 19
75 95 20
75 98 16
76 78 88
76 82 46
76 83 54
76 84 7
76 86 78
76 90 58
76 94 71
76 96 30
76 100 23
77 83 13
77 87 36
77 93 66
77 95 96
77 97 25
78 79 1
78 83 42
78 86 46
78 90 67
78 91 11
78 93 24
78 95 11
78 98 90
78 99 38
79 89 13
79 90 70
79 94 7
79 100 57
80 82 22
80 88 97
81 95 87
81 99 63
81 100 88
82 88 60
82 89 16
82 92 61
82 99 62
83 84 3
83 89 56
83 90 77
83 98 31
84 94 58
84 96 6
84 97 61
85 86 16
85 89 89
85 90 88
85 91 15
85 92 70
85 93 20
85 94 62
85 99 51
86 87 2
86 90 80
86 97 45
86 100 59
87 92 70
87 95 34
87 100 68
88 91 82
88 98 46
88 100 74
89 90 66
89 94 32
89 97 61
89 98 14
90 92 63
90 93 14
90 94 67
90 98 39
90 99 48
91 93 26
93 95 96
93 98 46
94 95 62
95 96 22
95 98 61
95 100 46
97 99 66
98 99 87
98 100 68
99 100 58
