200 4961
1 7 48
1 13 20
1 14 3
1 21 57
1 22 98
1 26 75
1 30 66
1 31 99
1 37 87
1 48 13
1 49 48
1 75 98
1 78 22
1 81 68
1 87 94
1 88 72
1 91 97
1 94 38
1 99 40
1 103 2
1 109 53
1 111 68
1 112 28
1 114 92
1 119 12
1 120 70
1 124 46
1 125 99
1 133 92
1 137 11
1 142 59
1 147 8
1 148 51
1 150 4
1 153 53
1 159 85
1 161 76
1 164 63
1 165 60
1 170 12
1 172 43
1 176 60
1 181 25
1 193 21
1 196 62
1 197 71
1 199 37
2 3 6
2 6 30
2 7 96
2 15 74
2 22 73
2 23 55
2 24 53
2 25 59
2 34 32
2 36 28
2 38 41
2 39 42
2 40 53
2 42 71
2 45 93
2 55 94
2 60 3
2 64 75
2 65 98
2 67 25
2 68 38
2 70 94
2 74 91
2 78 83
2 83 14
2 89 72
2 90 20
2 91 74
2 96 70
2 106 81
2 107 15
2 109 32
2 114 1
2 116 88
2 117 83
2 118 28
2 122 59
2 136 46
2 137 29
2 138 58
2 140 89
2 142 40
2 145 25
2 146 100
2 148 18
2 149 4
2 151 36
2 155 32
2 159 8
2 166 66
2 170 8
2 171 4
2 173 55
2 175 24
2 182 69
2 183 78
2 191 100
2 192 92
3 4 30
3 9 23
3 11 58
3 12 59
3 16 7
3 17 95
3 31 3
3 33 100
3 39 64
3 40 44
3 42 84
3 47 22
3 51 20
3 60 60
3 64 21
3 65 89
3 77 58
3 80 19
3 84 55
3 85 69
3 88 52
3 90 25
3 98 9
3 101 82
3 105 91
3 106 10
3 109 24
3 122 23
3 125 29
3 129 43
3 133 30
3 134 75
3 137 33
3 139 48
3 141 84
3 143 40
3 154 99
3 159 37
3 171 25
3 175 91
3 176 85
3 179 25
3 181 74
3 187 8
3 188 41
3 192 29
4 6 60
4 9 68
4 11 54
4 16 36
4 20 75
4 25 86
4 30 28
4 33 57
4 36 87
4 40 66
4 41 7
4 48 38
4 55 33
4 56 94
4 58 69
4 62 12
4 63 24
4 73 31
4 76 25
4 78 98
4 93 16
4 98 100
4 100 24
4 105 35
4 108 4
4 110 61
4 116 83
4 125 6
4 126 41
4 129 100
4 130 71
4 133 64
4 154 92
4 163 51
4 168 24
4 170 13
4 172 76
4 173 40
4 178 15
4 179 97
4 186 14
4 189 45
4 191 85
4 198 20
4 199 7
5 8 39
5 11 20
5 13 23
5 19 49
5 24 44
5 33 98
5 34 82
5 38 24
5 42 100
5 50 51
5 53 64
5 55 19
5 56 69
5 60 30
5 64 30
5 70 48
5 71 10
5 74 45
5 75 83
5 85 53
5 89 68
5 95 100
5 97 95
5 99 78
5 101 13
5 106 23
5 113 40
5 121 15
5 123 32
5 131 84
5 138 32
5 141 6
5 144 20
5 146 53
5 147 14
5 151 94
5 154 80
5 155 60
5 156 93
5 158 48
5 161 46
5 162 34
5 174 22
5 176 61
5 180 26
5 181 75
5 183 59
5 189 29
5 190 76
5 193 92
5 199 13
5 200 37
6 9 31
6 11 85
6 14 34
6 22 90
6 25 55
6 27 51
6 37 30
6 40 76
6 44 98
6 47 74
6 48 68
6 50 14
6 52 27
6 53 2
6 54 80
6 56 77
6 58 69
6 60 62
6 62 22
6 67 34
6 69 64
6 71 42
6 74 37
6 75 41
6 77 48
6 84 100
6 89 100
6 95 81
6 99 91
6 101 21
6 106 42
6 120 62
6 127 54
6 130 23
6 142 44
6 154 6
6 162 28
6 164 7
6 167 61
6 173 88
6 174 76
6 177 84
6 181 8
6 185 92
6 187 71
6 191 41
7 8 23
7 11 98
7 12 85
7 13 7
7 15 57
7 18 43
7 27 91
7 29 83
7 30 15
7 31 81
7 33 45
7 44 66
7 45 84
7 47 58
7 54 38
7 55 48
7 57 90
7 59 58
7 60 33
7 64 29
7 65 12
7 69 89
7 78 19
7 82 100
7 87 64
7 88 83
7 96 67
7 97 98
7 98 43
7 105 78
7 106 62
7 108 100
7 113 17
7 131 46
7 139 27
7 144 33
7 149 57
7 152 46
7 156 81
7 160 93
7 166 45
7 174 27
7 181 72
7 183 72
7 189 62
7 192 45
7 195 12
8 10 97
8 13 41
8 16 62
8 17 96
8 23 91
8 24 53
8 29 20
8 30 75
8 31 2
8 34 5
8 39 56
8 46 30
8 50 98
8 52 35
8 53 17
8 55 81
8 57 44
8 65 9
8 66 14
8 67 10
8 68 33
8 70 81
8 72 33
8 73 77
8 83 84
8 88 4
8 89 77
8 91 42
8 94 82
8 98 4
8 106 3
8 112 22
8 117 66
8 119 16
8 120 73
8 122 71
8 129 94
8 133 14
8 145 35
8 147 35
8 150 100
8 151 12
8 153 43
8 157 9
8 159 61
8 165 87
8 166 33
8 172 79
8 173 100
8 176 50
8 181 72
8 183 51
8 190 55
8 192 37
9 10 91
9 18 11
9 19 46
9 20 5
9 24 48
9 29 29
9 31 7
9 35 63
9 36 57
9 38 65
9 46 66
9 47 3
9 50 54
9 51 12
9 63 78
9 67 71
9 71 1
9 75 93
9 77 32
9 79 25
9 88 41
9 91 1
9 92 6
9 93 15
9 103 70
9 106 10
9 109 56
9 110 64
9 111 74
9 112 37
9 117 100
9 118 89
9 125 54
9 127 61
9 128 3
9 129 59
9 130 89
9 131 52
9 135 72
9 136 78
9 141 43
9 144 74
9 149 98
9 150 64
9 151 66
9 153 47
9 156 50
9 164 12
9 166 3
9 176 63
9 177 89
9 179 78
9 181 36
9 186 93
9 187 50
9 196 28
10 12 34
10 18 18
10 29 3
10 31 89
10 32 100
10 34 53
10 36 2
10 39 89
10 40 31
10 44 65
10 47 98
10 49 20
10 56 64
10 57 79
10 60 26
10 61 87
10 64 5
10 65 21
10 72 44
10 74 54
10 78 34
10 79 22
10 82 13
10 84 87
10 88 91
10 92 21
10 94 37
10 97 61
10 99 14
10 107 19
10 118 21
10 122 39
10 123 72
10 131 23
10 132 74
10 134 4
10 139 21
10 140 54
10 141 69
10 142 37
10 146 35
10 147 97
10 149 20
10 154 9
10 158 84
10 161 29
10 169 74
10 176 18
10 178 50
10 184 75
10 187 85
10 188 83
10 190 87
10 196 75
10 198 10
11 12 15
11 15 48
11 26 58
11 28 98
11 32 87
11 38 9
11 42 4
11 51 74
11 54 33
11 55 40
11 60 8
11 61 55
11 64 18
11 66 57
11 70 36
11 79 40
11 83 66
11 89 38
11 90 2
11 91 13
11 96 10
11 99 80
11 105 58
11 111 33
11 114 27
11 116 99
11 124 13
11 125 92
11 129 83
11 130 36
11 135 91
11 138 17
11 139 92
11 140 29
11 147 4
11 148 9
11 156 41
11 157 41
11 159 32
11 161 36
11 166 25
11 168 66
11 171 3
11 179 7
11 180 87
11 185 94
11 186 96
11 192 22
11 193 99
12 16 59
12 17 99
12 19 91
12 25 83
12 27 27
12 29 97
12 30 31
12 40 89
12 41 69
12 42 65
12 43 33
12 44 18
12 49 56
12 50 57
12 56 94
12 63 1
12 64 80
12 77 35
12 87 80
12 96 2
12 99 43
12 110 90
12 111 24
12 112 45
12 114 3
12 118 77
12 121 94
12 132 96
12 138 46
12 139 42
12 141 29
12 144 36
12 147 57
12 154 6
12 157 50
12 163 81
12 166 64
12 169 25
12 170 62
12 171 88
12 172 16
12 175 66
12 178 85
12 182 42
12 183 37
12 188 79
12 189 81
12 191 20
12 197 19
12 199 55
13 17 60
13 21 95
13 23 54
13 24 2
13 27 45
13 34 84
13 39 64
13 52 8
13 53 88
13 57 44
13 60 74
13 72 72
13 84 67
13 87 65
13 89 40
13 96 50
13 100 92
13 102 19
13 109 30
13 123 84
13 126 6
13 141 94
13 142 58
13 143 66
13 144 9
13 145 82
13 146 29
13 155 61
13 175 36
13 177 42
13 178 16
13 192 14
13 199 50
14 23 62
14 31 55
14 32 60
14 36 46
14 40 38
14 43 18
14 52 49
14 53 75
14 62 58
14 65 43
14 67 18
14 72 44
14 73 78
14 74 7
14 77 24
14 81 72
14 87 62
14 98 8
14 105 12
14 111 11
14 112 93
14 113 46
14 115 20
14 117 35
14 118 44
14 119 60
14 121 77
14 144 49
14 145 85
14 152 34
14 154 9
14 159 99
14 163 82
14 172 36
14 177 50
14 183 38
14 187 3
14 193 48
15 20 28
15 27 39
15 29 68
15 30 97
15 31 42
15 33 33
15 35 85
15 37 65
15 39 88
15 40 9
15 45 96
15 55 51
15 57 34
15 71 28
15 74 18
15 75 36
15 77 5
15 79 98
15 84 44
15 91 88
15 92 41
15 94 87
15 98 73
15 100 73
15 101 72
15 102 45
15 103 18
15 114 38
15 119 86
15 129 9
15 131 14
15 164 32
15 166 31
15 169 2
15 172 51
15 173 80
15 174 38
15 175 59
15 179 87
15 182 3
15 183 20
15 184 59
15 189 58
15 194 7
16 17 78
16 24 60
16 31 14
16 32 5
16 39 62
16 44 60
16 48 30
16 49 16
16 55 29
16 71 83
16 72 94
16 76 86
16 83 46
16 88 84
16 95 16
16 96 7
16 97 74
16 98 70
16 101 11
16 105 73
16 106 99
16 108 4
16 112 47
16 116 5
16 118 56
16 120 40
16 121 62
16 126 9
16 132 69
16 138 96
16 140 8
16 142 58
16 143 88
16 147 44
16 155 56
16 156 45
16 157 11
16 158 26
16 159 91
16 162 89
16 167 25
16 176 62
16 180 5
16 182 75
16 191 72
16 194 95
16 196 57
16 197 52
17 21 60
17 24 79
17 26 70
17 29 84
17 30 24
17 35 20
17 38 27
17 43 70
17 44 76
17 46 45
17 53 86
17 54 68
17 62 77
17 63 26
17 64 10
17 82 88
17 88 25
17 90 11
17 94 53
17 97 7
17 100 43
17 101 72
17 108 71
17 111 4
17 115 89
17 116 61
17 117 71
17 118 47
17 121 73
17 129 86
17 132 74
17 137 45
17 144 18
17 150 51
17 152 11
17 156 90
17 171 61
17 174 48
17 176 92
17 180 21
17 181 95
17 182 66
17 183 69
17 187 51
17 189 12
17 196 9
17 199 20
18 19 93
18 21 49
18 22 53
18 26 1
18 28 41
18 29 64
18 30 5
18 34 65
18 37 26
18 40 53
18 43 89
18 47 9
18 57 61
18 60 13
18 69 1
18 70 11
18 74 1
18 76 27
18 78 35
18 81 13
18 84 90
18 88 81
18 91 21
18 92 20
18 94 20
18 101 29
18 110 7
18 111 86
18 112 55
18 114 77
18 115 16
18 119 70
18 122 49
18 125 30
18 137 100
18 146 67
18 147 31
18 149 37
18 151 22
18 160 53
18 188 43
18 189 6
18 190 20
18 192 48
18 195 67
18 197 14
18 199 77
18 200 86
19 20 45
19 21 97
19 29 24
19 30 14
19 33 55
19 43 13
19 52 66
19 55 32
19 56 25
19 58 33
19 62 99
19 63 24
19 68 37
19 71 3
19 72 18
19 74 3
19 78 1
19 79 52
19 81 49
19 85 64
19 87 22
19 88 41
19 92 99
19 95 68
19 101 42
19 106 38
19 112 92
19 114 20
19 122 73
19 125 39
19 128 97
19 129 49
19 131 60
19 134 89
19 136 51
19 140 10
19 143 86
19 146 94
19 148 79
19 163 100
19 164 45
19 166 89
19 169 41
19 170 51
19 174 20
19 181 47
19 182 34
19 184 60
19 190 19
19 191 12
19 196 50
19 197 67
20 21 57
20 24 98
20 28 92
20 30 29
20 31 35
20 33 86
20 35 45
20 36 29
20 41 82
20 45 65
20 49 21
20 51 43
20 58 15
20 61 90
20 66 92
20 67 32
20 69 34
20 77 59
20 78 95
20 83 19
20 86 53
20 97 60
20 99 81
20 104 65
20 107 9
20 108 21
20 113 97
20 114 99
20 126 13
20 130 95
20 131 71
20 140 97
20 141 12
20 146 35
20 151 6
20 152 63
20 154 61
20 155 29
20 161 33
20 165 53
20 167 91
20 168 72
20 169 19
20 171 64
20 174 90
20 181 89
20 188 6
20 189 55
20 193 13
20 196 40
21 27 78
21 32 55
21 39 11
21 40 35
21 56 94
21 76 63
21 78 94
21 79 69
21 83 12
21 84 18
21 96 89
21 97 83
21 98 9
21 99 18
21 100 59
21 110 51
21 113 6
21 119 3
21 120 48
21 121 17
21 125 2
21 129 21
21 140 35
21 145 62
21 147 14
21 150 64
21 151 12
21 161 17
21 171 38
21 172 74
21 173 49
21 175 10
21 180 58
21 186 65
21 188 72
21 193 31
22 25 23
22 30 65
22 39 87
22 40 70
22 41 51
22 43 13
22 52 41
22 56 13
22 59 28
22 60 72
22 61 50
22 64 1
22 65 83
22 66 21
22 67 70
22 68 59
22 74 11
22 79 58
22 82 42
22 83 100
22 86 56
22 101 41
22 115 53
22 118 31
22 121 82
22 123 33
22 133 82
22 148 67
22 149 74
22 151 12
22 152 56
22 157 79
22 160 74
22 162 18
22 165 95
22 168 5
22 175 94
22 176 83
22 184 48
22 187 4
22 189 55
22 197 83
23 27 94
23 29 56
23 30 90
23 38 47
23 40 45
23 44 43
23 47 84
23 53 20
23 54 3
23 57 10
23 63 20
23 74 75
23 76 37
23 77 89
23 84 10
23 86 41
23 102 50
23 111 3
23 118 77
23 119 85
23 128 79
23 130 14
23 132 27
23 133 26
23 134 81
23 135 24
23 140 70
23 144 7
23 160 62
23 163 31
23 164 41
23 177 47
23 184 25
23 185 85
23 187 12
23 188 43
23 195 65
23 200 98
24 41 47
24 51 4
24 53 25
24 62 42
24 69 78
24 72 71
24 83 34
24 88 39
24 94 7
24 97 47
24 98 9
24 99 88
24 103 99
24 108 80
24 109 30
24 110 54
24 114 70
24 118 11
24 127 25
24 129 28
24 134 76
24 137 33
24 140 94
24 142 87
24 151 3
24 154 86
24 155 38
24 159 63
24 160 21
24 162 11
24 167 29
24 170 5
24 175 8
24 176 89
24 178 92
24 179 53
24 182 81
24 197 7
24 200 99
25 29 84
25 31 12
25 32 42
25 35 46
25 36 49
25 40 2
25 45 54
25 51 45
25 69 86
25 70 15
25 76 69
25 78 12
25 79 18
25 84 2
25 86 81
25 90 17
25 92 99
25 101 49
25 102 31
25 103 38
25 104 58
25 105 96
25 107 90
25 108 89
25 109 91
25 110 59
25 116 33
25 117 5
25 118 68
25 120 65
25 123 77
25 127 89
25 128 22
25 131 48
25 132 76
25 135 98
25 136 9
25 137 6
25 138 95
25 139 79
25 140 63
25 145 87
25 154 2
25 158 60
25 159 100
25 161 91
25 162 88
25 163 41
25 165 5
25 170 16
25 174 36
25 179 10
25 181 51
25 183 7
25 190 69
25 193 38
25 196 44
25 197 27
26 27 35
26 33 67
26 41 12
26 45 34
26 46 89
26 50 39
26 52 48
26 53 54
26 59 28
26 62 12
26 63 19
26 66 29
26 70 77
26 74 96
26 77 36
26 79 23
26 83 14
26 85 100
26 88 95
26 91 4
26 93 29
26 100 62
26 102 26
26 103 77
26 107 46
26 117 100
26 119 98
26 123 49
26 124 43
26 126 62
26 127 36
26 133 76
26 135 97
26 136 65
26 138 67
26 141 40
26 150 27
26 154 60
26 155 100
26 156 9
26 158 44
26 170 23
26 175 96
26 182 12
26 187 100
26 191 87
26 195 38
26 196 63
27 29 100
27 30 30
27 31 2
27 40 25
27 41 1
27 42 11
27 49 80
27 62 98
27 63 6
27 66 99
27 70 10
27 76 42
27 78 81
27 92 82
27 107 42
27 109 88
27 112 74
27 116 67
27 119 23
27 120 64
27 123 56
27 124 96
27 126 30
27 127 11
27 128 55
27 131 23
27 132 6
27 134 96
27 135 80
27 142 28
27 144 89
27 147 36
27 153 97
27 157 30
27 159 99
27 161 82
27 162 79
27 173 76
27 182 61
27 186 35
27 187 48
27 195 89
27 196 4
27 200 2
28 30 94
28 32 4
28 33 43
28 50 13
28 55 27
28 57 37
28 64 41
28 65 66
28 67 35
28 68 69
28 73 15
28 77 55
28 78 37
28 84 63
28 90 4
28 93 3
28 98 18
28 105 31
28 106 18
28 107 44
28 108 5
28 111 17
28 126 93
28 131 96
28 137 84
28 149 17
28 150 45
28 155 1
28 157 9
28 158 91
28 161 100
28 163 13
28 171 78
28 172 15
28 176 5
28 177 13
28 178 54
28 182 2
28 188 22
28 191 100
28 197 7
29 30 15
29 36 15
29 41 52
29 44 98
29 49 85
29 55 86
29 59 18
29 65 30
29 70 21
29 73 53
29 91 86
29 100 42
29 101 9
29 105 69
29 108 92
29 117 99
29 122 15
29 139 9
29 144 66
29 148 25
29 159 60
29 160 90
29 164 69
29 165 42
29 166 96
29 173 12
29 176 84
29 182 85
29 183 76
29 185 71
29 186 98
29 194 58
29 198 4
30 33 100
30 35 67
30 41 35
30 42 29
30 48 69
30 53 63
30 57 66
30 58 90
30 63 49
30 65 97
30 66 70
30 67 87
30 70 61
30 71 65
30 76 87
30 82 94
30 83 6
30 89 53
30 91 21
30 92 38
30 93 23
30 94 95
30 95 16
30 96 16
30 99 48
30 100 38
30 103 49
30 105 47
30 108 70
30 111 14
30 113 75
30 123 55
30 125 53
30 128 12
30 129 29
30 130 73
30 132 75
30 136 88
30 143 90
30 161 3
30 163 10
30 167 55
30 168 45
30 176 51
30 180 70
30 186 3
30 192 40
30 195 93
30 197 86
30 198 79
30 199 58
30 200 29
31 33 81
31 39 67
31 45 57
31 54 53
31 60 49
31 66 1
31 70 84
31 74 48
31 75 3
31 77 89
31 82 91
31 83 70
31 85 24
31 91 95
31 93 99
31 95 85
31 98 25
31 101 23
31 103 20
31 107 73
31 108 77
31 110 48
31 111 29
31 113 8
31 119 36
31 121 31
31 123 78
31 127 96
31 128 53
31 132 90
31 135 99
31 138 9
31 148 10
31 151 38
31 154 1
31 161 63
31 164 91
31 165 95
31 167 72
31 171 15
31 183 56
31 187 26
31 191 63
31 192 76
31 197 80
31 200 93
32 36 18
32 43 2
32 51 83
32 53 38
32 57 13
32 59 81
32 68 85
32 74 66
32 79 35
32 84 5
32 88 68
32 90 71
32 91 55
32 93 79
32 95 8
32 96 50
32 99 14
32 101 40
32 102 12
32 103 14
32 108 52
32 120 95
32 124 14
32 129 47
32 132 18
32 134 90
32 135 71
32 137 94
32 145 1
32 147 28
32 148 4
32 150 91
32 152 17
32 157 56
32 164 50
32 167 46
32 169 80
32 172 28
32 173 77
32 176 96
32 181 61
32 182 94
32 184 99
32 190 56
33 34 10
33 38 32
33 39 28
33 41 38
33 42 4
33 45 53
33 49 46
33 59 33
33 62 100
33 65 44
33 69 57
33 81 73
33 83 9
33 88 90
33 89 97
33 90 70
33 92 47
33 94 12
33 96 4
33 102 100
33 103 25
33 104 3
33 108 47
33 109 98
33 110 46
33 116 96
33 120 53
33 121 42
33 123 33
33 124 94
33 128 24
33 129 62
33 132 22
33 135 64
33 137 9
33 139 20
33 140 50
33 142 55
33 146 52
33 148 74
33 152 51
33 155 42
33 156 79
33 157 30
33 164 14
33 170 59
33 171 66
33 176 94
33 177 92
33 184 5
33 185 37
33 187 54
34 37 78
34 40 62
34 44 72
34 46 18
34 47 91
34 48 62
34 50 54
34 56 45
34 61 51
34 63 87
34 65 28
34 66 65
34 72 95
34 76 41
34 80 63
34 86 61
34 90 17
34 91 76
34 93 87
34 95 50
34 106 7
34 113 5
34 118 99
34 122 7
34 126 80
34 132 42
34 133 83
34 136 28
34 137 43
34 148 4
34 158 88
34 169 11
34 170 63
34 180 65
34 184 4
34 186 4
34 197 61
34 199 62
35 41 43
35 42 17
35 43 11
35 50 26
35 55 57
35 57 9
35 62 12
35 68 76
35 70 77
35 75 19
35 80 35
35 81 2
35 83 92
35 98 87
35 110 11
35 114 13
35 118 91
35 123 64
35 124 88
35 126 27
35 130 19
35 136 36
35 141 71
35 157 93
35 166 71
35 171 68
35 173 91
35 174 5
35 178 71
35 181 4
35 187 52
35 190 80
35 191 33
35 196 22
36 39 27
36 44 78
36 60 15
36 62 39
36 65 24
36 66 40
36 70 13
36 78 20
36 80 61
36 83 90
36 87 14
36 89 60
36 93 52
36 94 87
36 95 7
36 103 52
36 105 36
36 107 55
36 110 58
36 113 53
36 118 10
36 119 71
36 123 14
36 125 82
36 130 56
36 142 63
36 157 16
36 161 8
36 164 59
36 167 43
36 170 23
36 174 88
36 180 18
36 186 66
36 192 21
36 198 97
36 199 72
37 39 9
37 42 42
37 43 94
37 44 83
37 46 20
37 47 29
37 58 19
37 60 52
37 72 63
37 76 67
37 77 39
37 80 50
37 82 14
37 84 60
37 90 36
37 98 72
37 99 63
37 118 70
37 123 48
37 130 79
37 143 72
37 150 93
37 151 7
37 158 47
37 171 67
37 174 70
37 178 98
37 179 58
37 184 38
37 186 28
37 192 91
37 193 34
37 198 14
38 43 9
38 46 55
38 49 30
38 56 63
38 57 100
38 71 43
38 73 13
38 75 4
38 76 95
38 77 63
38 78 70
38 86 6
38 88 76
38 93 1
38 98 25
38 102 53
38 104 52
38 105 19
38 108 3
38 116 87
38 117 35
38 123 8
38 129 79
38 136 70
38 140 79
38 141 46
38 144 27
38 152 47
38 156 15
38 158 78
38 160 8
38 161 68
38 164 65
38 166 48
38 167 33
38 169 61
38 177 72
38 180 21
38 183 96
38 190 69
38 193 92
38 194 88
39 42 67
39 45 33
39 49 76
39 57 36
39 60 66
39 61 79
39 62 58
39 70 71
39 75 87
39 78 23
39 85 78
39 86 20
39 91 82
39 92 62
39 98 18
39 100 85
39 106 83
39 107 58
39 108 96
39 110 48
39 115 24
39 118 35
39 119 89
39 126 10
39 127 80
39 129 89
39 131 17
39 132 27
39 137 50
39 142 69
39 146 47
39 147 32
39 149 12
39 152 34
39 154 74
39 157 32
39 161 81
39 162 43
39 172 75
39 177 56
39 178 75
39 191 19
39 197 8
39 199 40
40 44 22
40 45 55
40 46 90
40 50 65
40 54 75
40 59 37
40 65 73
40 70 60
40 73 86
40 75 54
40 82 69
40 88 51
40 91 48
40 95 92
40 98 11
40 102 99
40 106 41
40 107 57
40 108 78
40 117 37
40 118 65
40 119 22
40 122 46
40 126 34
40 127 83
40 132 90
40 133 1
40 134 70
40 140 66
40 143 81
40 146 96
40 148 24
40 151 79
40 156 87
40 165 41
40 166 19
40 168 30
40 171 46
40 175 74
40 177 47
40 180 45
40 182 56
40 189 84
40 190 9
40 195 48
41 49 92
41 50 28
41 52 100
41 56 44
41 61 91
41 64 58
41 70 67
41 73 24
41 79 46
41 83 77
41 87 31
41 88 17
41 93 61
41 97 60
41 101 58
41 103 98
41 107 61
41 108 24
41 111 84
41 112 49
41 115 38
41 122 36
41 128 9
41 129 54
41 143 12
41 146 87
41 151 5
41 152 77
41 153 25
41 158 27
41 160 33
41 161 29
41 164 82
41 166 19
41 177 1
41 183 47
41 184 86
41 187 99
41 188 67
41 190 66
41 200 10
42 53 22
42 70 57
42 74 19
42 77 6
42 79 2
42 83 82
42 88 59
42 94 34
42 96 51
42 97 5
42 99 40
42 103 16
42 104 26
42 105 92
42 107 9
42 111 18
42 112 29
42 114 9
42 115 99
42 119 48
42 120 41
42 122 44
42 124 9
42 127 86
42 128 26
42 144 76
42 147 93
42 152 96
42 159 97
42 172 44
42 173 32
42 176 71
42 178 3
42 179 66
42 182 18
42 184 2
42 185 94
42 196 22
42 198 74
42 200 14
43 47 80
43 52 56
43 59 1
43 60 58
43 64 34
43 65 49
43 69 38
43 73 59
43 74 16
43 78 94
43 79 89
43 82 46
43 90 5
43 91 56
43 99 26
43 100 5
43 106 11
43 114 99
43 127 95
43 131 31
43 134 16
43 135 64
43 142 58
43 146 79
43 148 86
43 150 64
43 154 20
43 155 57
43 159 89
43 170 17
43 176 44
43 180 84
43 194 61
43 197 77
43 198 97
44 46 24
44 48 48
44 50 95
44 54 65
44 57 8
44 61 84
44 66 25
44 67 65
44 69 70
44 70 49
44 74 84
44 75 45
44 87 61
44 93 16
44 103 17
44 113 29
44 126 51
44 131 59
44 132 16
44 133 2
44 145 29
44 148 34
44 149 30
44 151 2
44 158 32
44 160 52
44 162 12
44 171 2
44 173 42
44 174 9
44 177 90
44 181 85
44 183 87
44 185 32
44 189 73
44 193 3
44 195 86
44 197 92
44 200 72
45 46 49
45 48 87
45 52 89
45 64 29
45 66 31
45 68 31
45 72 23
45 78 36
45 82 51
45 87 58
45 91 21
45 98 62
45 107 12
45 109 7
45 111 14
45 118 59
45 119 74
45 123 5
45 134 67
45 135 51
45 140 2
45 160 62
45 167 90
45 171 15
45 174 31
45 183 95
45 189 78
45 192 79
45 196 11
46 47 47
46 48 62
46 52 28
46 60 19
46 62 74
46 64 69
46 67 92
46 69 6
46 72 73
46 76 87
46 88 94
46 90 58
46 92 56
46 94 47
46 98 9
46 100 74
46 104 91
46 114 56
46 116 16
46 120 34
46 126 15
46 129 49
46 144 63
46 145 76
46 150 90
46 153 48
46 157 1
46 165 13
46 166 95
46 172 24
46 173 65
46 177 98
46 182 28
46 196 75
46 200 62
47 48 57
47 51 48
47 56 33
47 65 78
47 66 35
47 68 24
47 75 17
47 77 64
47 81 31
47 87 5
47 88 11
47 90 31
47 102 69
47 105 34
47 107 36
47 113 51
47 115 27
47 116 24
47 118 40
47 120 18
47 124 76
47 127 32
47 130 60
47 132 96
47 136 10
47 142 36
47 145 25
47 146 24
47 150 68
47 152 10
47 163 84
47 165 95
47 169 13
47 170 50
47 176 96
47 180 39
47 183 41
47 186 82
47 194 23
47 195 4
47 197 94
48 49 51
48 52 42
48 54 86
48 56 91
48 63 58
48 68 94
48 74 87
48 77 20
48 82 30
48 83 68
48 84 13
48 85 75
48 86 28
48 87 9
48 90 25
48 92 1
48 95 8
48 98 62
48 107 59
48 108 72
48 110 63
48 112 16
48 119 4
48 126 22
48 135 51
48 137 51
48 140 45
48 144 73
48 158 87
48 159 28
48 161 50
48 163 50
48 167 27
48 174 22
48 185 13
48 190 10
48 194 15
48 198 88
48 200 42
49 51 41
49 54 34
49 55 64
49 67 96
49 79 75
49 81 65
49 85 17
49 92 36
49 94 16
49 96 47
49 98 89
49 99 3
49 105 97
49 109 29
49 111 62
49 112 29
49 115 79
49 117 12
49 120 69
49 122 91
49 123 9
49 130 1
49 140 98
49 147 21
49 150 76
49 160 26
49 164 73
49 168 80
49 171 26
49 174 44
49 176 36
49 177 19
49 194 9
50 54 76
50 56 75
50 67 54
50 68 19
50 70 80
50 74 23
50 76 73
50 81 80
50 84 49
50 86 81
50 87 17
50 93 88
50 98 30
50 99 13
50 105 89
50 108 30
50 117 26
50 119 25
50 123 75
50 129 99
50 131 73
50 141 12
50 144 18
50 145 52
50 152 11
50 153 66
50 161 48
50 166 11
50 168 16
50 172 84
50 173 90
50 174 46
50 187 26
50 188 58
50 197 50
50 198 2
51 53 46
51 54 27
51 56 62
51 60 66
51 69 74
51 74 46
51 90 3
51 94 18
51 99 49
51 102 55
51 104 11
51 110 13
51 111 11
51 112 18
51 114 31
51 121 80
51 122 2
51 135 57
51 137 72
51 150 87
51 152 34
51 157 85
51 159 94
51 162 96
51 164 77
51 165 41
51 171 46
51 178 65
51 185 99
51 188 46
51 189 86
51 190 78
51 200 6
52 53 54
52 55 96
52 58 44
52 59 8
52 60 24
52 61 41
52 82 10
52 88 22
52 92 38
52 95 53
52 96 10
52 101 74
52 107 70
52 110 36
52 115 2
52 120 26
52 123 99
52 125 48
52 134 20
52 137 79
52 138 91
52 140 76
52 146 9
52 161 24
52 170 25
52 171 53
52 174 13
52 180 88
52 181 97
52 188 96
52 189 63
52 195 59
52 196 80
52 197 36
53 54 33
53 55 98
53 62 89
53 69 87
53 72 71
53 73 92
53 74 70
53 76 28
53 78 15
53 83 13
53 84 95
53 86 38
53 88 2
53 89 54
53 91 29
53 94 83
53 97 56
53 104 76
53 106 65
53 115 33
53 117 63
53 125 10
53 127 59
53 128 57
53 129 25
53 139 40
53 141 19
53 143 11
53 145 82
53 146 63
53 150 56
53 154 76
53 155 60
53 158 95
53 161 47
53 163 21
53 164 27
53 167 19
53 168 6
53 169 24
53 173 95
53 176 25
53 177 96
53 179 46
53 182 87
53 184 57
53 185 43
53 197 56
53 200 22
54 60 96
54 63 99
54 64 91
54 65 53
54 69 40
54 70 54
54 73 80
54 89 63
54 97 5
54 100 49
54 105 43
54 108 14
54 117 50
54 122 32
54 123 43
54 125 10
54 129 53
54 133 70
54 134 30
54 138 5
54 147 59
54 150 92
54 151 23
54 153 56
54 154 48
54 158 52
54 160 45
54 162 10
54 163 40
54 171 8
54 175 72
54 180 11
54 182 41
54 186 27
54 188 59
54 190 16
54 191 62
55 61 96
55 62 34
55 63 77
55 66 73
55 70 82
55 71 1
55 72 50
55 74 30
55 77 22
55 80 94
55 84 28
55 90 89
55 91 25
55 96 22
55 102 5
55 108 53
55 120 15
55 125 62
55 129 99
55 132 89
55 143 18
55 145 67
55 150 69
55 153 5
55 160 50
55 164 60
55 167 98
55 170 84
55 179 2
55 181 18
55 182 79
55 183 61
55 186 4
55 192 59
55 196 29
55 198 52
55 200 86
56 57 75
56 64 74
56 65 11
56 66 25
56 68 26
56 71 70
56 77 20
56 79 79
56 87 81
56 89 29
56 95 76
56 99 41
56 101 49
56 104 75
56 109 90
56 110 25
56 111 94
56 115 22
56 127 74
56 132 29
56 133 25
56 135 58
56 136 27
56 137 89
56 161 78
56 164 64
56 169 37
56 173 73
56 175 79
56 178 39
56 181 50
56 182 13
56 186 42
56 190 67
56 195 44
57 60 94
57 62 17
57 68 95
57 69 75
57 74 18
57 76 15
57 90 99
57 94 59
57 95 17
57 96 66
57 110 86
57 113 49
57 116 34
57 121 31
57 125 34
57 127 78
57 141 68
57 146 28
57 147 81
57 148 73
57 151 7
57 152 58
57 154 21
57 156 18
57 163 55
57 180 99
57 185 79
57 186 43
57 194 89
57 199 46
58 68 5
58 78 54
58 79 50
58 80 58
58 87 54
58 89 99
58 90 31
58 91 78
58 92 98
58 93 47
58 94 23
58 95 30
58 98 18
58 102 6
58 108 22
58 110 26
58 115 61
58 118 33
58 119 36
58 123 10
58 125 78
58 131 27
58 145 28
58 149 2
58 155 91
58 156 51
58 159 73
58 160 34
58 176 52
58 179 55
58 183 11
58 190 57
58 195 21
58 199 34
59 60 73
59 61 81
59 62 42
59 64 62
59 82 86
59 86 51
59 88 93
59 91 47
59 92 5
59 103 65
59 107 88
59 111 80
59 118 57
59 122 38
59 123 21
59 126 85
59 139 30
59 144 94
59 147 52
59 158 8
59 164 68
59 166 83
59 169 58
59 175 71
59 176 75
59 177 32
59 178 99
59 179 91
59 182 50
59 193 90
60 61 4
60 62 76
60 70 5
60 78 79
60 79 63
60 80 84
60 81 80
60 83 31
60 86 1
60 88 6
60 91 63
60 98 30
60 101 5
60 102 39
60 104 19
60 109 43
60 114 45
60 115 31
60 120 92
60 128 98
60 129 77
60 132 26
60 142 19
60 143 71
60 144 8
60 148 27
60 150 5
60 152 46
60 157 94
60 159 68
60 168 65
60 170 11
60 178 13
60 180 86
60 192 75
60 193 97
60 194 65
60 198 50
60 199 14
61 66 65
61 74 80
61 76 37
61 81 43
61 82 26
61 83 75
61 84 28
61 91 64
61 108 54
61 110 14
61 120 52
61 125 30
61 126 89
61 127 92
61 130 98
61 135 14
61 139 40
61 144 6
61 146 16
61 147 28
61 150 59
61 154 32
61 156 49
61 159 21
61 164 84
61 167 34
61 168 60
61 171 89
61 173 10
61 175 8
61 183 69
61 193 84
61 195 52
61 198 90
62 63 90
62 65 60
62 73 24
62 78 58
62 83 11
62 90 92
62 93 41
62 95 99
62 99 80
62 101 97
62 103 29
62 106 36
62 107 100
62 111 75
62 116 90
62 118 81
62 120 81
62 127 10
62 128 74
62 129 57
62 137 51
62 138 90
62 141 51
62 147 93
62 149 48
62 157 43
62 159 89
62 160 85
62 161 25
62 167 17
62 168 61
62 170 68
62 172 78
62 177 52
62 179 43
62 180 41
62 181 17
62 189 31
62 199 41
63 64 15
63 74 92
63 81 7
63 92 94
63 93 64
63 96 66
63 104 92
63 106 9
63 110 38
63 126 58
63 127 73
63 132 37
63 133 8
63 134 76
63 137 57
63 139 29
63 165 88
63 172 61
63 181 94
63 182 100
63 183 72
63 186 8
63 187 63
63 193 40
63 194 15
63 195 87
64 66 40
64 68 19
64 69 79
64 71 100
64 75 3
64 83 32
64 86 14
64 87 13
64 88 45
64 93 30
64 95 35
64 97 34
64 100 37
64 101 6
64 103 3
64 104 8
64 105 66
64 111 64
64 115 4
64 118 23
64 120 32
64 125 65
64 128 53
64 132 78
64 137 7
64 139 2
64 148 3
64 151 58
64 152 81
64 154 74
64 157 34
64 160 65
64 165 46
64 175 69
64 179 60
64 187 38
64 188 93
64 189 62
64 194 97
64 196 51
64 200 81
65 68 35
65 69 90
65 70 3
65 73 62
65 77 35
65 79 56
65 80 3
65 83 44
65 84 67
65 85 44
65 87 50
65 90 76
65 91 65
65 98 69
65 100 65
65 104 69
65 105 49
65 112 47
65 116 15
65 120 93
65 121 38
65 124 77
65 131 81
65 132 27
65 135 17
65 139 53
65 145 43
65 151 99
65 154 49
65 155 70
65 159 87
65 161 91
65 163 34
65 176 24
65 177 35
65 183 30
65 188 5
65 192 80
66 72 91
66 74 20
66 80 59
66 85 64
66 93 15
66 97 29
66 105 50
66 107 70
66 119 67
66 121 4
66 125 36
66 126 34
66 127 7
66 129 61
66 135 30
66 137 33
66 138 48
66 141 71
66 145 45
66 147 64
66 151 66
66 164 43
66 165 89
66 167 52
66 169 88
66 170 20
66 184 46
66 185 49
66 188 89
66 189 77
66 190 69
66 193 17
67 72 16
67 74 100
67 77 5
67 78 5
67 83 97
67 84 8
67 89 96
67 91 60
67 104 62
67 108 16
67 110 94
67 115 82
67 116 8
67 117 88
67 120 56
67 125 86
67 126 44
67 128 24
67 129 76
67 133 32
67 134 62
67 136 66
67 138 44
67 139 46
67 143 22
67 145 47
67 158 21
67 161 34
67 163 82
67 165 18
67 172 36
67 173 62
67 186 76
67 187 33
67 189 23
67 193 8
67 196 58
67 200 48
68 70 27
68 85 41
68 88 40
68 90 94
68 91 81
68 94 87
68 96 43
68 98 87
68 103 70
68 104 59
68 107 40
68 110 57
68 113 3
68 114 53
68 125 53
68 128 21
68 131 64
68 132 63
68 135 87
68 137 94
68 139 47
68 140 57
68 142 28
68 156 91
68 157 78
68 160 50
68 161 57
68 163 67
68 171 71
68 176 80
68 177 32
68 181 39
68 193 47
68 197 4
68 198 60
69 72 56
69 74 99
69 79 58
69 82 12
69 85 1
69 86 43
69 87 90
69 89 99
69 92 51
69 94 4
69 96 69
69 98 61
69 100 99
69 101 89
69 122 54
69 125 84
69 126 58
69 128 3
69 135 25
69 139 46
69 145 83
69 148 98
69 150 63
69 151 69
69 160 30
69 162 75
69 164 10
69 166 77
69 170 99
69 175 18
69 178 3
69 180 31
69 181 58
69 183 61
69 186 53
69 188 17
69 191 74
69 196 5
69 197 83
70 86 7
70 94 89
70 96 9
70 99 90
70 100 31
70 107 94
70 114 73
70 120 37
70 122 94
70 123 68
70 133 67
70 134 1
70 135 17
70 136 75
70 137 18
70 143 99
70 160 28
70 161 60
70 165 65
70 170 78
70 174 25
70 177 43
70 179 18
70 180 33
70 187 90
70 188 87
70 191 5
70 192 83
71 72 53
71 81 88
71 84 39
71 86 41
71 94 62
71 95 3
71 100 21
71 101 52
71 105 43
71 109 93
71 112 70
71 123 64
71 124 3
71 126 48
71 131 69
71 134 56
71 136 40
71 137 92
71 138 28
71 141 66
71 144 83
71 146 7
71 154 62
71 158 28
71 159 24
71 162 9
71 164 13
71 174 31
71 177 78
71 180 65
71 183 47
71 185 67
71 188 12
71 189 74
71 193 16
71 197 76
72 73 2
72 77 18
72 81 23
72 82 18
72 92 29
72 93 13
72 98 23
72 100 93
72 105 19
72 108 57
72 124 7
72 125 20
72 129 98
72 132 44
72 138 9
72 139 87
72 142 73
72 146 14
72 151 52
72 158 36
72 160 32
72 170 69
72 173 53
72 176 79
72 180 46
72 184 28
72 185 41
72 187 72
72 191 74
72 192 8
72 195 12
72 196 60
73 79 88
73 84 6
73 89 14
73 93 86
73 98 42
73 101 83
73 102 67
73 105 77
73 108 76
73 109 46
73 112 69
73 115 59
73 117 51
73 123 35
73 124 38
73 133 25
73 140 61
73 142 67
73 145 26
73 149 74
73 154 15
73 155 89
73 159 92
73 160 86
73 166 67
73 169 78
73 170 7
73 180 12
73 187 94
73 191 64
73 192 5
73 195 57
74 75 47
74 83 86
74 84 66
74 85 16
74 93 29
74 98 83
74 99 67
74 103 77
74 106 31
74 109 60
74 111 94
74 114 72
74 115 85
74 117 92
74 119 61
74 124 38
74 132 17
74 134 17
74 142 28
74 152 27
74 158 78
74 161 43
74 166 4
74 175 15
74 177 2
74 179 4
74 183 68
74 184 64
74 188 71
74 190 5
74 192 20
74 195 65
74 199 86
74 200 38
75 77 62
75 80 89
75 81 41
75 83 22
75 90 74
75 101 8
75 103 51
75 104 21
75 106 58
75 109 80
75 111 27
75 115 99
75 116 69
75 119 34
75 120 72
75 124 63
75 127 18
75 132 42
75 133 4
75 138 84
75 143 90
75 144 79
75 145 97
75 147 78
75 155 95
75 167 12
75 172 96
75 177 69
75 178 76
75 181 80
75 183 50
75 193 32
76 78 72
76 79 89
76 86 51
76 88 52
76 89 88
76 92 33
76 93 7
76 96 73
76 97 46
76 99 86
76 105 41
76 106 5
76 109 9
76 112 76
76 113 8
76 115 80
76 120 32
76 125 22
76 126 55
76 132 11
76 135 10
76 137 92
76 147 36
76 148 13
76 150 89
76 153 4
76 155 2
76 158 34
76 160 18
76 169 91
76 171 63
76 172 93
76 175 4
76 178 36
76 191 15
76 196 19
76 198 74
77 78 98
77 81 42
77 82 19
77 85 77
77 91 62
77 93 41
77 101 87
77 102 69
77 104 55
77 112 26
77 117 80
77 120 50
77 122 26
77 123 28
77 124 7
77 133 9
77 136 72
77 140 64
77 143 68
77 145 99
77 150 79
77 152 17
77 153 65
77 154 6
77 161 6
77 164 50
77 167 17
77 175 21
77 182 24
77 186 44
77 191 61
77 192 80
77 195 24
77 196 39
77 199 3
78 80 75
78 84 70
78 89 57
78 96 30
78 102 99
78 104 51
78 106 10
78 115 35
78 119 25
78 120 60
78 121 83
78 122 62
78 128 66
78 131 63
78 136 78
78 149 69
78 155 72
78 159 55
78 164 13
78 166 90
78 167 96
78 171 19
78 172 22
78 175 6
78 177 1
78 182 47
78 190 78
78 192 87
78 197 16
79 83 9
79 85 64
79 86 30
79 95 98
79 97 28
79 101 18
79 103 44
79 106 80
79 111 22
79 113 3
79 117 39
79 120 72
79 121 24
79 122 98
79 126 25
79 136 52
79 141 83
79 143 77
79 144 9
79 146 15
79 148 62
79 151 15
79 153 22
79 154 76
79 157 69
79 163 57
79 173 55
79 175 63
79 176 13
79 178 12
79 191 16
79 199 74
80 88 22
80 89 23
80 101 39
80 103 61
80 108 50
80 109 82
80 110 49
80 111 81
80 118 96
80 121 61
80 127 72
80 128 53
80 129 13
80 132 80
80 134 66
80 137 37
80 142 15
80 144 8
80 148 64
80 150 66
80 155 2
80 160 65
80 161 53
80 169 93
80 174 15
80 177 19
80 179 30
80 180 15
80 181 79
80 182 83
80 185 23
80 188 18
80 190 29
80 194 23
80 199 17
81 89 91
81 92 36
81 100 56
81 101 17
81 103 6
81 108 100
81 111 6
81 114 86
81 115 4
81 119 16
81 126 82
81 127 35
81 130 50
81 135 72
81 140 69
81 142 86
81 144 21
81 155 72
81 157 8
81 160 31
81 165 39
81 169 88
81 172 4
81 174 85
81 176 97
81 178 15
81 182 100
81 183 13
81 184 8
81 186 100
81 190 42
81 191 78
81 193 50
81 194 61
81 196 50
81 200 33
82 83 46
82 84 90
82 91 54
82 92 36
82 101 94
82 103 35
82 104 26
82 108 48
82 112 65
82 129 76
82 131 27
82 137 99
82 143 63
82 144 50
82 146 42
82 152 64
82 155 14
82 157 35
82 159 49
82 171 94
82 178 59
82 179 64
82 184 7
82 188 36
82 194 4
82 199 23
83 87 57
83 88 13
83 89 10
83 98 97
83 115 96
83 128 38
83 136 87
83 140 22
83 146 83
83 150 13
83 153 5
83 155 76
83 160 28
83 163 52
83 164 66
83 166 41
83 170 67
83 174 88
83 176 60
83 182 45
83 188 30
83 189 83
83 192 45
83 194 3
83 195 1
83 197 4
84 91 77
84 99 99
84 101 98
84 107 97
84 113 30
84 115 32
84 123 50
84 126 19
84 129 92
84 140 19
84 141 89
84 143 32
84 150 20
84 156 8
84 160 27
84 167 91
84 173 28
84 176 19
84 177 30
84 181 7
84 183 30
84 184 12
84 185 75
84 199 45
84 200 36
85 86 65
85 89 95
85 90 26
85 93 52
85 99 41
85 100 3
85 108 4
85 111 81
85 116 52
85 128 38
85 132 33
85 134 29
85 135 73
85 138 8
85 139 24
85 148 86
85 150 55
85 153 69
85 162 4
85 164 77
85 168 95
85 172 81
85 174 80
85 176 26
85 177 12
85 182 76
85 184 45
85 189 88
85 196 49
86 88 91
86 93 71
86 96 1
86 104 98
86 108 97
86 115 52
86 116 76
86 127 40
86 130 94
86 134 69
86 137 56
86 142 28
86 147 90
86 148 22
86 149 73
86 153 18
86 159 64
86 163 42
86 165 71
86 169 42
86 170 72
86 172 53
86 178 25
86 185 76
86 187 43
86 197 8
86 199 47
86 200 91
87 89 36
87 90 48
87 91 32
87 98 28
87 99 13
87 103 72
87 113 74
87 116 57
87 118 7
87 130 94
87 131 5
87 141 6
87 146 52
87 149 41
87 152 12
87 153 99
87 154 21
87 157 20
87 159 18
87 160 37
87 165 45
87 172 24
87 173 15
87 174 61
87 176 25
87 179 19
87 185 40
87 186 77
87 188 50
87 189 27
87 190 58
87 193 10
87 194 29
87 195 9
87 199 79
88 90 78
88 92 87
88 97 5
88 98 16
88 100 81
88 102 93
88 103 20
88 105 24
88 112 93
88 123 29
88 124 1
88 126 15
88 142 76
88 154 11
88 157 97
88 158 36
88 164 50
88 166 25
88 169 16
88 173 88
88 184 45
88 185 77
88 188 39
88 189 19
88 190 18
88 191 72
88 192 72
88 196 73
89 91 50
89 99 42
89 110 57
89 114 77
89 120 10
89 124 63
89 126 13
89 134 92
89 141 5
89 142 11
89 144 85
89 152 13
89 153 73
89 155 96
89 159 29
89 167 79
89 168 84
89 175 66
89 180 41
89 182 10
89 183 44
89 186 34
89 192 60
89 195 65
89 196 9
89 197 44
89 200 58
90 92 7
90 96 56
90 109 53
90 116 18
90 122 98
90 123 18
90 134 16
90 135 94
90 141 40
90 142 97
90 143 17
90 144 95
90 151 34
90 160 41
90 163 69
90 166 86
90 168 28
90 174 82
90 182 21
90 189 69
90 195 75
90 196 8
91 96 42
91 99 7
91 120 72
91 125 14
91 129 98
91 141 78
91 145 26
91 152 59
91 157 12
91 167 78
91 174 5
91 179 66
91 186 45
91 187 86
91 196 6
92 96 70
92 97 90
92 100 87
92 107 25
92 115 34
92 118 97
92 135 14
92 136 1
92 138 50
92 142 42
92 144 86
92 151 82
92 161 73
92 162 93
92 164 93
92 166 98
92 167 37
92 169 31
92 170 39
92 173 68
92 178 11
92 179 68
92 181 26
92 182 99
92 183 51
92 185 36
92 187 33
92 193 40
92 194 33
92 195 85
92 197 40
92 198 44
93 101 10
93 111 12
93 119 87
93 128 89
93 134 16
93 142 94
93 149 82
93 152 39
93 155 49
93 157 37
93 162 96
93 167 52
93 168 100
93 169 1
93 171 80
93 177 61
93 178 84
93 180 50
93 181 16
93 185 26
93 186 88
93 192 92
93 193 6
94 95 18
94 97 73
94 103 70
94 116 33
94 117 65
94 119 81
94 120 2
94 123 10
94 124 62
94 130 22
94 133 69
94 140 59
94 142 49
94 151 7
94 168 53
94 172 89
94 173 1
94 175 51
94 178 26
94 179 32
94 183 10
94 185 92
94 186 12
94 189 70
94 190 87
94 192 86
94 196 10
95 97 2
95 98 67
95 106 59
95 112 18
95 116 27
95 117 47
95 118 51
95 124 4
95 126 12
95 128 38
95 129 37
95 130 16
95 135 25
95 139 88
95 141 19
95 143 73
95 147 93
95 158 15
95 165 14
95 170 41
95 178 45
95 184 25
95 187 64
95 190 12
95 192 16
95 198 49
95 199 65
96 99 47
96 111 6
96 118 69
96 120 35
96 121 6
96 122 9
96 126 64
96 136 73
96 145 92
96 150 23
96 152 44
96 157 41
96 159 48
96 160 47
96 165 6
96 168 21
96 171 43
96 182 11
96 189 99
96 197 37
96 199 85
96 200 33
97 106 79
97 112 44
97 115 51
97 119 23
97 124 12
97 125 20
97 127 14
97 134 99
97 140 46
97 146 61
97 147 20
97 151 42
97 156 55
97 167 14
97 169 35
97 173 12
97 175 72
97 178 83
97 180 22
97 190 38
97 192 58
97 196 84
97 199 46
98 104 92
98 126 25
98 130 21
98 132 61
98 133 67
98 148 59
98 149 72
98 151 11
98 155 74
98 157 14
98 161 93
98 162 29
98 171 71
98 180 98
98 182 26
98 188 87
98 192 3
98 195 50
98 196 32
98 199 86
99 100 8
99 102 34
99 105 46
99 107 9
99 111 82
99 115 53
99 118 67
99 124 39
99 125 7
99 127 51
99 131 7
99 150 76
99 156 51
99 157 81
99 158 25
99 160 73
99 162 56
99 165 19
99 166 10
99 169 89
99 170 61
99 178 14
99 185 94
99 188 70
99 189 4
99 195 94
99 199 91
100 103 58
100 104 19
100 106 4
100 107 95
100 113 24
100 121 39
100 136 52
100 137 39
100 140 17
100 141 5
100 146 36
100 147 43
100 151 70
100 154 62
100 157 75
100 162 52
100 164 25
100 169 76
100 172 50
100 180 46
100 182 88
100 191 69
101 106 69
101 110 11
101 112 100
101 113 54
101 114 63
101 118 38
101 119 79
101 122 67
101 128 34
101 129 66
101 130 94
101 137 94
101 139 99
101 146 74
101 162 3
101 165 39
101 170 36
101 174 96
101 178 68
101 182 65
101 186 54
101 189 36
101 195 39
101 199 71
102 104 2
102 105 3
102 113 76
102 119 43
102 126 45
102 128 21
102 136 42
102 139 4
102 142 39
102 152 84
102 154 68
102 155 34
102 160 35
102 164 75
102 167 39
102 168 71
102 172 98
102 177 22
102 181 1
102 186 69
102 187 75
102 188 4
102 189 19
102 190 4
102 191 7
102 194 85
102 196 69
103 105 49
103 112 39
103 113 34
103 116 41
103 119 77
103 124 28
103 126 91
103 136 2
103 143 33
103 145 66
103 153 48
103 157 72
103 161 52
103 165 54
103 168 46
103 179 67
103 180 5
103 181 2
103 182 37
103 190 88
103 192 33
103 196 16
104 105 92
104 106 59
104 111 13
104 112 40
104 115 23
104 122 56
104 124 67
104 131 7
104 134 47
104 136 35
104 150 89
104 152 64
104 153 41
104 154 74
104 161 5
104 162 74
104 166 58
104 169 75
104 171 43
104 172 20
104 176 95
104 181 37
104 183 71
104 185 67
104 186 36
104 191 6
104 192 11
105 106 42
105 107 45
105 108 95
105 109 6
105 112 14
105 114 96
105 119 59
105 123 65
105 128 79
105 130 56
105 137 25
105 138 1
105 139 15
105 140 1
105 143 22
105 153 71
105 159 16
105 160 26
105 161 77
105 163 69
105 164 19
105 169 16
105 171 24
105 175 10
105 178 14
105 182 66
105 192 80
105 200 31
106 110 23
106 111 54
106 112 82
106 116 48
106 118 39
106 119 30
106 124 18
106 126 84
106 129 72
106 130 59
106 132 91
106 135 22
106 136 50
106 143 83
106 144 69
106 145 49
106 146 15
106 154 3
106 155 35
106 162 12
106 178 31
106 180 45
106 186 22
106 190 87
106 195 38
107 109 72
107 110 38
107 111 45
107 112 2
107 113 45
107 116 5
107 124 22
107 126 48
107 129 35
107 131 100
107 132 54
107 142 51
107 144 43
107 146 97
107 153 63
107 180 31
107 181 62
107 183 77
107 185 25
107 186 55
107 190 14
107 193 66
107 196 1
107 198 59
108 110 87
108 113 19
108 114 28
108 120 57
108 127 88
108 134 68
108 140 31
108 147 76
108 157 72
108 158 26
108 162 5
108 167 52
108 173 33
108 175 53
108 176 26
108 177 1
108 180 75
108 182 68
108 184 50
108 194 64
108 195 75
109 121 100
109 124 1
109 129 42
109 133 1
109 135 51
109 143 9
109 144 57
109 146 8
109 147 61
109 153 100
109 154 43
109 155 2
109 169 28
109 170 87
109 183 61
109 196 12
110 112 46
110 115 8
110 120 77
110 122 65
110 126 2
110 128 93
110 129 18
110 135 95
110 137 92
110 139 87
110 140 89
110 143 94
110 148 54
110 149 66
110 162 48
110 163 76
110 166 26
110 167 9
110 168 98
110 173 82
110 179 36
110 181 14
110 182 40
110 184 51
110 185 99
110 198 1
110 200 51
111 114 27
111 115 43
111 127 58
111 131 96
111 132 2
111 136 92
111 138 18
111 141 94
111 142 97
111 147 24
111 154 25
111 163 15
111 164 89
111 165 27
111 168 21
111 172 67
111 173 58
111 177 29
111 181 91
111 192 89
111 199 69
112 113 78
112 120 42
112 132 4
112 133 95
112 143 72
112 146 8
112 149 67
112 151 10
112 155 89
112 173 88
112 175 44
112 176 62
112 177 52
112 180 84
112 187 83
112 194 53
112 196 9
112 199 24
112 200 66
113 120 25
113 122 38
113 126 65
113 134 14
113 135 16
113 137 15
113 142 61
113 152 6
113 163 93
113 166 78
113 172 77
113 176 90
113 180 46
113 187 76
113 191 84
113 192 37
113 195 84
114 118 1
114 122 20
114 126 73
114 133 9
114 136 75
114 138 54
114 144 30
114 146 44
114 148 81
114 152 78
114 153 17
114 167 32
114 168 45
114 171 36
114 172 70
114 175 99
114 186 60
114 200 64
115 118 100
115 122 60
115 123 9
115 126 38
115 127 49
115 130 29
115 141 30
115 144 7
115 151 67
115 152 87
115 156 93
115 160 19
115 161 95
115 163 69
115 177 36
115 179 18
115 189 6
115 197 56
116 133 17
116 134 69
116 136 37
116 138 73
116 141 50
116 144 99
116 146 65
116 147 74
116 154 50
116 159 83
116 165 91
116 167 95
116 172 71
116 175 85
116 183 31
116 188 86
116 189 24
116 190 75
116 194 8
117 119 69
117 121 70
117 123 13
117 126 99
117 136 72
117 137 14
117 145 37
117 146 7
117 151 92
117 154 100
117 160 84
117 166 66
117 174 59
117 183 10
117 195 27
117 197 74
118 119 17
118 126 100
118 130 37
118 131 43
118 134 62
118 137 79
118 138 68
118 141 14
118 142 13
118 146 14
118 147 23
118 149 20
118 150 96
118 153 54
118 155 35
118 161 28
118 162 80
118 163 17
118 165 72
118 166 73
118 169 66
118 171 11
118 175 93
118 179 70
118 181 90
118 186 29
118 189 75
118 190 50
118 193 30
119 134 53
119 136 70
119 137 78
119 142 96
119 155 63
119 156 18
119 157 51
119 159 82
119 162 24
119 164 23
119 169 97
119 179 60
119 183 43
119 190 58
119 197 32
120 123 48
120 125 54
120 126 69
120 127 4
120 131 48
120 132 77
120 133 83
120 142 34
120 159 96
120 163 9
120 170 52
120 173 68
120 181 18
120 183 4
120 186 96
120 195 92
120 196 78
120 197 68
120 198 85
121 122 72
121 131 50
121 140 10
121 143 9
121 146 56
121 152 43
121 154 10
121 156 16
121 160 91
121 167 89
121 176 20
121 178 2
121 190 87
121 194 16
121 196 32
121 197 52
121 199 44
122 123 68
122 124 38
122 126 93
122 128 46
122 129 13
122 132 38
122 134 1
122 137 28
122 141 19
122 143 25
122 153 43
122 154 92
122 155 43
122 165 1
122 166 41
122 168 86
122 170 12
122 171 99
122 173 62
122 174 17
122 178 5
122 185 30
122 187 58
122 189 10
122 192 29
122 196 76
122 197 90
123 125 46
123 126 32
123 128 86
123 131 86
123 134 24
123 138 72
123 140 4
123 145 88
123 146 21
123 152 69
123 157 14
123 158 12
123 161 20
123 165 84
123 166 54
123 167 50
123 173 38
123 177 65
123 180 90
123 184 77
123 187 45
123 190 92
123 195 46
123 198 21
124 130 62
124 132 49
124 135 56
124 138 83
124 139 12
124 140 65
124 142 31
124 145 54
124 147 59
124 148 25
124 152 82
124 154 56
124 155 54
124 165 14
124 173 1
124 174 42
124 176 43
124 180 87
124 181 90
124 184 99
124 194 76
125 127 16
125 128 33
125 138 55
125 141 6
125 142 31
125 144 28
125 146 47
125 148 53
125 150 53
125 151 44
125 155 33
125 165 42
125 168 46
125 173 89
125 174 12
125 177 36
125 183 14
125 187 8
125 188 21
125 190 58
125 193 71
125 195 22
126 135 100
126 137 17
126 139 89
126 142 11
126 146 43
126 150 17
126 154 92
126 159 63
126 163 53
126 164 4
126 165 65
126 167 10
126 173 38
126 179 65
126 180 18
126 191 20
126 194 21
126 197 24
126 198 41
127 135 84
127 136 69
127 138 53
127 142 61
127 144 16
127 148 67
127 154 38
127 168 26
127 171 28
127 190 40
127 194 49
127 199 65
128 129 54
128 130 46
128 135 69
128 142 70
128 144 71
128 150 79
128 151 79
128 154 53
128 156 89
128 160 74
128 165 63
128 168 51
128 173 27
128 175 67
128 186 52
128 193 88
128 197 10
128 199 78
128 200 64
129 134 19
129 137 22
129 139 52
129 141 42
129 153 21
129 161 95
129 162 30
129 164 77
129 165 10
129 175 16
129 178 4
129 180 80
129 182 22
129 183 25
129 185 25
129 186 27
129 190 66
129 193 100
129 198 94
130 134 88
130 139 24
130 141 49
130 149 90
130 153 85
130 155 56
130 159 8
130 176 12
130 179 62
130 181 99
130 182 54
130 189 54
130 193 63
130 197 50
130 200 5
131 137 58
131 148 97
131 160 7
131 164 67
131 165 77
131 166 96
131 170 63
131 173 53
131 178 52
131 179 85
131 186 17
131 195 30
131 196 38
132 136 91
132 139 90
132 140 75
132 149 18
132 160 47
132 161 9
132 165 72
132 166 89
132 167 46
132 169 56
132 171 97
132 175 58
132 177 87
132 189 74
132 192 80
132 194 93
132 196 16
132 197 24
132 198 16
133 136 91
133 141 79
133 142 36
133 146 26
133 150 7
133 151 55
133 154 63
133 155 32
133 158 32
133 164 66
133 166 64
133 168 54
133 178 30
133 184 85
133 185 65
133 192 59
133 193 38
133 194 56
133 196 87
134 145 47
134 146 4
134 148 77
134 149 67
134 152 52
134 153 25
134 154 78
134 159 97
134 163 15
134 164 68
134 167 44
134 168 38
134 169 94
134 170 53
134 175 17
134 184 34
134 187 23
134 189 83
135 139 15
135 140 83
135 141 56
135 144 10
135 145 39
135 153 37
135 154 66
135 159 37
135 160 28
135 166 30
135 168 16
135 169 100
135 170 16
135 172 29
135 179 51
135 180 41
135 182 11
135 184 32
135 191 36
135 196 31
135 197 91
135 198 4
135 199 27
136 139 22
136 144 31
136 145 75
136 151 8
136 152 19
136 157 7
136 164 86
136 167 11
136 168 41
136 171 46
136 173 47
136 176 14
136 181 76
136 183 66
136 185 56
136 188 69
136 191 16
136 192 24
136 195 3
136 196 86
137 140 21
137 141 48
137 144 22
137 156 25
137 158 23
137 160 12
137 164 58
137 173 49
137 177 40
137 188 87
137 189 58
137 190 41
137 194 46
138 139 44
138 141 70
138 150 37
138 152 86
138 158 78
138 159 14
138 167 59
138 172 61
138 174 84
138 175 9
138 178 37
138 180 79
138 186 36
138 187 89
138 190 53
138 199 39
139 142 14
139 149 37
139 151 25
139 156 42
139 159 22
139 160 99
139 162 11
139 181 19
139 182 92
139 183 83
139 185 52
139 188 77
139 190 12
139 200 87
140 143 16
140 144 87
140 145 57
140 152 28
140 165 57
140 174 94
140 180 52
140 184 9
140 186 25
140 188 100
140 193 21
140 194 12
141 148 4
141 160 79
141 162 72
141 163 37
141 167 79
141 169 57
141 170 86
141 177 50
141 182 27
141 183 34
141 185 92
141 189 34
141 193 52
141 194 40
141 198 22
142 144 33
142 145 29
142 146 69
142 147 88
142 155 76
142 170 61
142 177 61
142 182 15
142 189 24
142 191 93
142 199 16
143 152 86
143 161 28
143 164 74
143 166 83
143 168 32
143 174 51
143 180 54
143 181 43
143 187 9
143 188 23
143 189 71
143 193 38
143 195 10
143 196 29
143 199 61
144 149 90
144 151 81
144 153 97
144 155 81
144 160 58
144 161 19
144 162 57
144 163 95
144 164 82
144 177 10
144 182 52
144 184 7
144 185 51
144 186 30
144 193 11
144 194 83
145 159 8
145 167 93
145 168 3
145 169 82
145 170 25
145 172 46
145 174 26
145 180 84
145 183 39
145 184 78
145 188 69
146 150 25
146 151 99
146 153 78
146 164 10
146 168 74
146 169 58
146 186 39
146 190 26
147 154 83
147 159 93
147 160 99
147 170 41
147 175 26
147 176 37
147 178 91
147 181 26
147 183 21
147 184 24
147 187 39
147 191 34
147 196 18
147 197 3
148 152 55
148 162 57
148 163 12
148 176 10
148 179 93
148 180 9
148 190 40
148 192 65
148 195 69
148 196 12
148 200 38
149 150 86
149 151 51
149 155 16
149 159 15
149 160 5
149 161 31
149 163 5
149 167 23
149 176 22
149 179 90
149 181 39
149 182 100
149 185 71
149 188 98
149 190 15
149 198 75
150 152 69
150 154 73
150 162 53
150 164 75
150 171 32
150 176 2
150 178 20
150 184 70
150 185 99
150 187 98
150 188 66
150 192 18
150 195 69
150 196 87
150 199 96
151 152 35
151 162 38
151 164 20
151 166 26
151 169 3
151 170 52
151 184 89
151 185 87
151 188 86
152 153 94
152 160 80
152 165 64
152 171 15
152 172 1
152 174 39
152 175 18
152 178 88
152 183 11
152 187 5
152 190 2
152 192 13
152 198 71
152 200 57
153 154 64
153 157 50
153 159 2
153 160 48
153 163 85
153 165 55
153 167 94
153 169 66
153 172 9
153 187 71
153 189 88
153 193 18
153 195 89
154 156 84
154 159 95
154 162 80
154 165 79
154 172 56
154 177 48
154 178 72
154 187 14
154 195 66
154 197 99
154 199 95
155 156 15
155 157 59
155 159 12
155 163 26
155 178 87
155 184 75
155 187 34
155 188 72
155 199 40
156 157 91
156 161 70
156 163 74
156 170 43
156 171 66
156 175 1
156 177 66
156 192 93
156 199 99
156 200 34
157 160 68
157 161 86
157 164 56
157 167 94
157 169 89
157 171 32
157 179 49
157 192 93
157 195 81
157 199 57
158 161 27
158 163 44
158 164 38
158 169 8
158 176 56
158 181 99
158 191 81
158 194 69
158 196 51
159 161 68
159 173 76
159 174 78
159 180 49
159 186 9
159 192 82
160 161 5
160 167 28
160 171 41
160 175 60
160 177 75
160 187 84
160 191 83
160 199 50
161 166 28
161 169 28
161 170 38
161 175 54
161 176 24
161 178 41
161 183 26
161 187 44
161 190 51
161 197 87
161 199 57
162 168 67
162 172 36
162 186 90
162 190 54
162 194 21
162 195 27
162 200 7
163 166 4
163 173 68
163 178 1
163 180 51
163 181 8
163 184 98
163 185 33
163 188 72
163 190 11
163 197 31
164 166 48
164 167 60
164 169 73
164 174 47
164 178 2
164 182 27
164 185 12
164 187 20
165 167 1
165 168 99
165 174 4
165 187 82
165 188 40
165 194 84
165 195 38
165 197 7
165 199 18
166 169 27
166 170 92
166 177 47
166 180 31
166 185 71
166 188 71
166 190 28
166 198 84
166 199 14
167 175 96
167 177 56
167 181 15
167 186 95
167 191 8
167 195 28
168 170 45
168 172 11
168 175 18
168 176 12
168 179 40
168 180 23
168 183 37
168 185 8
168 187 58
168 194 88
168 198 51
169 170 86
169 172 44
169 175 88
169 178 7
169 179 98
169 186 81
169 198 32
169 200 52
170 175 93
170 186 33
170 187 88
170 188 79
170 195 64
170 200 24
171 172 45
171 173 58
171 191 44
171 196 45
171 197 71
171 199 83
172 175 19
172 186 52
172 194 61
172 195 50
172 197 34
173 177 21
173 179 57
173 189 94
173 191 39
173 199 90
174 176 96
174 178 38
174 182 39
174 186 34
174 187 18
175 178 2
175 179 60
175 181 88
175 184 43
175 188 71
175 191 51
175 192 9
175 196 76
175 197 20
175 200 42
176 179 91
176 181 5
176 191 92
176 193 34
176 196 36
176 197 60
176 198 24
176 199 48
177 178 40
177 182 7
177 188 61
177 192 84
177 193 62
177 194 49
177 200 12
178 181 53
178 182 16
178 198 23
178 200 60
179 186 26
179 191 64
179 197 99
179 198 11
180 182 30
180 190 9
180 194 100
180 195 78
180 196 8
181 187 34
181 188 45
181 191 100
181 195 17
181 200 21
182 186 48
182 190 98
182 196 37
183 189 100
183 192 84
183 194 49
183 197 82
184 185 43
184 197 99
184 199 40
185 186 36
185 187 42
185 188 93
185 189 31
185 192 10
185 194 69
185 200 97
186 190 90
186 193 17
187 188 71
187 189 66
187 196 9
187 197 63
187 198 13
188 193 98
188 195 68
188 196 26
188 197 86
189 196 23
189 199 26
190 193 95
190 194 10
190 195 87
190 199 54
191 192 93
191 194 37
191 196 14
192 195 49
192 200 44
193 200 69
194 195 7
194 198 9
196 197 59
196 199 96
197 198 71
197 199 8
